1.084389349359479411e+03
3.270591745336565168e+02
1.971237324665420090e+02
7.881272491180186535e+01
6.031849225898682221e+01
3.283674321965227705e+01
2.906124169057800799e+01
2.298950766346404251e+01
1.927289224611258689e+01
1.519165543341828695e+01
1.430105734944564411e+01
1.320357013886761166e+01
1.063897056978851197e+01
9.690285541898143507e+00
8.909176018862927648e+00
7.571591154190510764e+00
6.653342416870066778e+00
5.984694314092982026e+00
5.275463397910923113e+00
4.761310704036810115e+00
4.175825690778305344e+00
3.791613040365263920e+00
3.284845576375689635e+00
3.072111088453811867e+00
2.885558716408924251e+00
2.618096061160343435e+00
2.394592517077259064e+00
2.246302548944627997e+00
2.036019980506409421e+00
1.627973793616894316e+00
1.592337996187144000e+00
1.475120165759579605e+00
1.323559059864302334e+00
1.147531625820203738e+00
1.088471562318862329e+00
1.029289015839138122e+00
9.275940714548159827e-01
8.725885359121964280e-01
7.763922465820770613e-01
7.064734030011350363e-01
6.416647594517136399e-01
5.763169604286495495e-01
5.340535667671474362e-01
4.553326599079561832e-01
4.107812673999814979e-01
4.001665065843687530e-01
3.743949746836003900e-01
3.515640791668139253e-01
2.958052610616544453e-01
2.802878728538615305e-01
2.598032190779351325e-01
2.176374330165043169e-01
1.970307287202149593e-01
1.838695851293811467e-01
1.644940336666906311e-01
1.446031882162683302e-01
1.362504263847691410e-01
1.265950684311564767e-01
1.110873044060999293e-01
1.058688857714009252e-01
9.943469948563485317e-02
7.885647135680839970e-02
7.348351827966301264e-02
6.359626349929815847e-02
5.870701899459422612e-02
5.522738278357671587e-02
4.591809193255697724e-02
4.438161326978946886e-02
4.001850596392513004e-02
3.493678839276517095e-02
3.097764975272843460e-02
2.773781328274751296e-02
2.449824830608280171e-02
2.167527407726889746e-02
2.041772381032416414e-02
1.922177661661930367e-02
1.695030631160637791e-02
1.590129113841669620e-02
1.550441838470011623e-02
1.353592383714543462e-02
1.250063025755421622e-02
1.012692144582167698e-02
8.878818990543418249e-03
7.656069689307164888e-03
6.645552253148078771e-03
6.075718948768622611e-03
5.904630766145181273e-03
5.343935218484926510e-03
4.737070378192474208e-03
4.468793535219635522e-03
4.055607020531326774e-03
3.928878660233908575e-03
3.148513920381208232e-03
3.065567919571990547e-03
2.821681105661581410e-03
2.738133571002180234e-03
2.371388592387986636e-03
2.003506363879889712e-03
1.831682212762211770e-03
1.691781491228645925e-03
1.584925733223849307e-03
1.325311301574646572e-03
1.311965039064614397e-03
1.224203941714377799e-03
8.770658004308733895e-04
8.303703700454647361e-04
7.573665675606936322e-04
6.545398485799065269e-04
6.153352629435820042e-04
5.710149596416728805e-04
4.843835860520037066e-04
4.447514240258612552e-04
4.237442347041384897e-04
3.772190515313321338e-04
3.562289332369785724e-04
2.702204803918399124e-04
2.489568697644190085e-04
2.308001800782982468e-04
1.897409067494896303e-04
1.686583665799272448e-04
1.389284689578079116e-04
1.115578427677412301e-04
1.016442634808621464e-04
9.844057462955662437e-05
9.635786083421834678e-05
8.799112984592969485e-05
7.794548059660705297e-05
7.129209231623926920e-05
6.181077486535638754e-05
6.067286270959414271e-05
4.738892626931369938e-05
4.419700024595534605e-05
3.010161666020462517e-05
2.577186341226324296e-05
2.462286327792182665e-05
2.195800281525839441e-05
1.584207559337960734e-05
1.295551671671235636e-05
1.198099918608562693e-05
8.749323652496691713e-06
7.921946335070201628e-06
7.235633931552098794e-06
6.506476732369181179e-06
4.340409411465149335e-06
3.583047591199623420e-06
2.812134316927314421e-06
2.498061134491232629e-06
2.001617792922683349e-06
1.920554696875135664e-06
1.754812756293861160e-06
1.391535770536315732e-06
9.932863698475742871e-07
9.548209513862739486e-07
6.692548172025168866e-07
5.022031966450749711e-07
4.890592665858841638e-07
4.037226161319959282e-07
3.312084499518549134e-07
3.210924127328110174e-07
2.128438591209777070e-07
1.074886219411911865e-07
9.845270532306695898e-08
7.515796447211688704e-08
6.125486592689202240e-08
4.871730886218131525e-08
3.535204322998885579e-08
3.141406695051976713e-08
2.813966602172949728e-08
2.410708181027585796e-08
1.772594499073941696e-08
1.526368587484771168e-08
1.260598560258226189e-08
1.104226509154192505e-08
9.972605096495239928e-09
8.700422032946329841e-09
7.038271619828513169e-09
6.144128104357354795e-09
4.152226577643823492e-09
3.127065378476640333e-09
2.714543199568502684e-09
1.232027874741930898e-09
1.125639496610290259e-09
1.059160403999321289e-09
5.819388044937120190e-10
4.309184395202637575e-10
3.736954589046277380e-10
3.606475307975008025e-10
2.764941479754112130e-10
2.271142156478135164e-10
1.376770135103026198e-10
1.264616671279220937e-10
8.404017409473155268e-11
6.144557529313862093e-11
5.212566738323236245e-11
4.058299159839680628e-11
2.699352283995056487e-11
2.108806952819469871e-11
1.396180919590644330e-11
1.299571813481002078e-11
1.089073538285701327e-11
6.227081735561332549e-12
6.072765228105232639e-12
3.020128143285521037e-12
2.633351289267923489e-12
2.020661855816155538e-12
1.698920339858091177e-12
1.510309148089833542e-12
1.156257148838290799e-12
8.553235553145279629e-13
6.518274077027895454e-13
4.894590659765403324e-13
2.982748128943975366e-13
2.316083869175056506e-13
1.977444355036011673e-13
1.814783874327836269e-13
1.290330723109400233e-13
1.236619037870139277e-13
1.169092682599802151e-13
1.037514415710926328e-13
9.382078703069060349e-14
9.005130014928932441e-14
8.422755620828841895e-14
7.533812092403318844e-14
7.366353732001321418e-14
7.095035808401405422e-14
5.755108000702092474e-14
5.079515024704763068e-14
4.773997876959327217e-14
4.188173814085022795e-14
3.768793629181395004e-14
3.061949901007869051e-14
2.613972807346121203e-14
2.603971888447209550e-14
2.403236706888916808e-14
2.400487638865562911e-14
2.240970740848868126e-14
2.165615880060186919e-14
2.117037619515391837e-14
2.048200516916610951e-14
1.893456020189778844e-14
1.865632737676444090e-14
1.815581189677540950e-14
1.798142106757308917e-14
1.794793085206254664e-14
1.742637401460419542e-14
1.668667503052501229e-14
1.664073307070401217e-14
1.640629449515376652e-14
1.637887676051290376e-14
1.595670899254112912e-14
1.567288097021497229e-14
1.565584868843051470e-14
1.532108919799139367e-14
1.514767421393024180e-14
1.487141538885557721e-14
1.462015928389652937e-14
1.447001042567208833e-14
1.426009048302646493e-14
1.364949796202717156e-14
1.351912905631883207e-14
1.342330890623981738e-14
1.320990765698825740e-14
1.294113825873607109e-14
1.274657061790408952e-14
1.237274687824381370e-14
1.236974863468737022e-14
1.227790077718759890e-14
1.216480503572317784e-14
1.211551848594953410e-14
1.187057586028006895e-14
1.142216396342714653e-14
1.091883494940304595e-14
1.063787885699995352e-14
1.053683428337448554e-14
1.044508471008100542e-14
1.044418865128375049e-14
1.044123170687872505e-14
1.033375337592898678e-14
1.012553550944497253e-14
1.004499640099390517e-14
9.841985716112920619e-15
9.790207000875831965e-15
9.488647948536856731e-15
9.436127384846766368e-15
9.356367552476884272e-15
9.316161620729570127e-15
9.253385499487181535e-15
9.118258502061105260e-15
9.059549517168898461e-15
9.021788068985238289e-15
9.000862891406764963e-15
8.948400544320076762e-15
8.836202027495525107e-15
8.608504385082870782e-15
8.498720475467337855e-15
8.329875254743046354e-15
8.314676396041357439e-15
8.239394193641960959e-15
8.189729473991133632e-15
8.008862006022866409e-15
8.001610245273570874e-15
7.973302041895729034e-15
7.741792194878974854e-15
7.737698394930410419e-15
7.659820642222798395e-15
7.456372612692799216e-15
7.365120698583851821e-15
7.327784504433978991e-15
7.310416303798311666e-15
7.283690907773818419e-15
7.156397681032063283e-15
7.136188533031764401e-15
6.996882688563093530e-15
6.879027136605724601e-15
6.777866933611897069e-15
6.746312907196106753e-15
6.722734349152555415e-15
6.581308058761206756e-15
6.558436047058223351e-15
6.538001251454245269e-15
6.312934896222797234e-15
6.271784212324280399e-15
6.248787806128786512e-15
6.216502126107191083e-15
6.184241712151780795e-15
6.129086388557069497e-15
5.966246581862214331e-15
5.918776082464294402e-15
5.860141002478055488e-15
5.659587963170423007e-15
5.601537769853553012e-15
5.590991561744398135e-15
5.587465879832503536e-15
5.537578362343208613e-15
5.468570419758966269e-15
5.398853906717686880e-15
5.389177685084663867e-15
5.318748349530115197e-15
5.277117218336733084e-15
5.202193405777556144e-15
5.170354047249434655e-15
5.134370101822211723e-15
5.064490563903460740e-15
4.939347325904794835e-15
4.861502511064586876e-15
4.819813214479214473e-15
4.808335564629042460e-15
4.680440250968983033e-15
4.618172359599056149e-15
4.569672613153885112e-15
4.547861143926493131e-15
4.508280631882093386e-15
4.479654229787462883e-15
4.408457674830253181e-15
4.401590960334150853e-15
4.391665887505945032e-15
4.177924509557030770e-15
4.176042393652689743e-15
4.158505548508541524e-15
4.151956295213888985e-15
4.144436940701390144e-15
3.989481769924527282e-15
3.963188322080010771e-15
3.954745247832712625e-15
3.945134040052633919e-15
3.942656279566755948e-15
3.909135896083790955e-15
3.814711274241887101e-15
3.756220507248890224e-15
3.727511254859211471e-15
3.682955477804930062e-15
3.654095325163422011e-15
3.593846608096362310e-15
3.481113284134406672e-15
3.477793926141053910e-15
3.456898258488064992e-15
3.441931662503356206e-15
3.438535680089736919e-15
3.359643486879694671e-15
3.327094386721252875e-15
3.308814800991469320e-15
3.308693415711507478e-15
3.242128287639072629e-15
3.237479628120190581e-15
3.215789683285035123e-15
3.146392087256457589e-15
3.101035743607931056e-15
3.081871616711600409e-15
3.039580573029436775e-15
3.035182974324505906e-15
3.005223319132560408e-15
2.985968487355386965e-15
2.979420350304809288e-15
2.866121179939000840e-15
2.813456894546428580e-15
2.807115508096223208e-15
2.727722874175067989e-15
2.668674385332423258e-15
2.662317400212348255e-15
2.659131248845037084e-15
2.619456505953872470e-15
2.580798034878484662e-15
2.573130588598413432e-15
2.539850477717303132e-15
2.534499132846839484e-15
2.524329711926606780e-15
2.502816362220766290e-15
2.495559483107781397e-15
2.440196652855189654e-15
2.371203470071015350e-15
2.347310123287965797e-15
2.336690143352350093e-15
2.304092499229553355e-15
2.274421808856536314e-15
2.258845637497512731e-15
2.222776906515187590e-15
2.193874583802834012e-15
2.192924501317255444e-15
2.157199523776851558e-15
2.139844055404775710e-15
2.135718631754464688e-15
2.121129477579134888e-15
2.077344314089864313e-15
2.073242820762108685e-15
2.058658504218950870e-15
2.029332392782708171e-15
2.006395557958223696e-15
1.944243288706723302e-15
1.932137467996558691e-15
1.913225704827757461e-15
1.852526882366614979e-15
1.852508083550011485e-15
1.788932453464362354e-15
1.745862394811290367e-15
1.728004165616993865e-15
1.709304228317040412e-15
1.708342811429862411e-15
1.688711494581200164e-15
1.660110404825185659e-15
1.657333260858078773e-15
1.654519187873513077e-15
1.633588424827349383e-15
1.608348521467731984e-15
1.535325107458475285e-15
1.533893622861020321e-15
1.532430764944180592e-15
1.513281229323336597e-15
1.508712829031051714e-15
1.501143058818179487e-15
1.452923222286789793e-15
1.431119614830733663e-15
1.411845524143932950e-15
1.381715964623029242e-15
1.377374887270104873e-15
1.359705703565847270e-15
1.317968880601039436e-15
1.273752869905502664e-15
1.248278563540325607e-15
1.241640038075610099e-15
1.237834520368289589e-15
1.220546934457553251e-15
1.209931673169195454e-15
1.202252651761699633e-15
1.201273978058052794e-15
1.195607798828766300e-15
1.193571317661051225e-15
1.152960512605425156e-15
1.144300641403440900e-15
1.139087035181726808e-15
1.131875353128352375e-15
1.093995418069608519e-15
1.080132781560111234e-15
1.054990463919471310e-15
1.018099100221784379e-15
1.010008974165154623e-15
9.766151988686779683e-16
9.684795262313243076e-16
9.619211076498631179e-16
9.462897870388057626e-16
9.342406222406894470e-16
9.196675445800631710e-16
9.170348711761826801e-16
9.045247188745389422e-16
8.995716808816899496e-16
8.847138132514005996e-16
8.757145843172987174e-16
8.632371073369649623e-16
8.592897040077241711e-16
8.411315908528121159e-16
8.304980971026457656e-16
8.236040669439844755e-16
8.121305552954970829e-16
7.874422838787804730e-16
7.753907967877248845e-16
7.460279451235610495e-16
7.458643470698218827e-16
7.411289035421973483e-16
7.308020993938091847e-16
7.152477265512004565e-16
7.107631592131022338e-16
6.976662394571481698e-16
6.920306470770628828e-16
6.896260485240399126e-16
6.725000663872153236e-16
6.662332610719914514e-16
6.492817570250622989e-16
6.391935393367929941e-16
6.057045022055179668e-16
5.950771780991668894e-16
5.900816576525591054e-16
5.840294297006340413e-16
5.514252198887439308e-16
5.352116004315701044e-16
5.312446907668568864e-16
5.197855546741554052e-16
5.116346656226343454e-16
5.092275815129505471e-16
5.062454355355738657e-16
4.891357915742208113e-16
4.744639015796122273e-16
4.715099001098896673e-16
4.634491293981087198e-16
4.505779828246436610e-16
4.474859303513063292e-16
4.394726353211282537e-16
4.351136390057124866e-16
4.037311645305519245e-16
3.844340360896374758e-16
3.795643234353701340e-16
3.479310693414706705e-16
3.436486720686646772e-16
3.355611782124404080e-16
3.334157693597173235e-16
3.288850674382131168e-16
3.230486635835786370e-16
3.225489684416028395e-16
3.217000307458734840e-16
3.185741207220689057e-16
3.184077944643782203e-16
3.075003734162618913e-16
2.937471496497582921e-16
2.920401742978980433e-16
2.882536729643868147e-16
2.739970863233433538e-16
2.623142405445285873e-16
2.589270383967139088e-16
2.546847639036765720e-16
2.541471503584877000e-16
2.449723178853754059e-16
2.430814949486695355e-16
2.315884343011173763e-16
2.222006867600832459e-16
2.161292586626172947e-16
2.131978624103485057e-16
2.109345617953963172e-16
2.102205331492040471e-16
2.038457576694553824e-16
1.921294093106623642e-16
1.892251278865155498e-16
1.888349307128971288e-16
1.848168734119807781e-16
1.833303914560160954e-16
1.758829326683570179e-16
1.660055335145178215e-16
1.510886960355335876e-16
1.496018810507679145e-16
1.459543176229523012e-16
1.417093242319551988e-16
1.344259598492584776e-16
1.257101846721944880e-16
1.238459450537092459e-16
1.202232495838263376e-16
1.179118651164698020e-16
1.156212145866197984e-16
1.132319013139079597e-16
1.047496037736367611e-16
1.020694575262116776e-16
1.001552749174719578e-16
9.836380071804643064e-17
9.785488839242241455e-17
9.447492787458788674e-17
9.096440818603184905e-17
8.961473661493189975e-17
8.869096934087272157e-17
8.647987588310124873e-17
8.467027479792291601e-17
8.244177102952492997e-17
8.044700378090483665e-17
7.883451543817665193e-17
7.823057246535478123e-17
7.540261074459339715e-17
7.158614563188136873e-17
6.766782271017331014e-17
6.632901183885640537e-17
6.377851218174203737e-17
6.002644656244385285e-17
5.861767751690811484e-17
5.239579688661294801e-17
5.195175384430707346e-17
4.922362364014024371e-17
4.783628436698546435e-17
4.707621559930646385e-17
4.567387903451722012e-17
4.508146460862084153e-17
4.255262484305629980e-17
3.745342672901035286e-17
3.610296933657621132e-17
3.403428462735548243e-17
3.374908962114165901e-17
3.165009141056820844e-17
2.895943075723780513e-17
2.731286080569556977e-17
2.623038936970914444e-17
2.612273770477280946e-17
2.547532253854177258e-17
2.331243443244368560e-17
2.174744127856055867e-17
2.170930087251006597e-17
2.056031808601185912e-17
1.897754141268396918e-17
1.881392990794877208e-17
1.865888315597494556e-17
1.777682859559386713e-17
1.648472044316229426e-17
1.520790185571509361e-17
1.517740558917194949e-17
1.377922746305287471e-17
1.310333045541972917e-17
1.279138278886825833e-17
1.272971889501711896e-17
1.169065340593276294e-17
1.030238902935832674e-17
1.018566288288413152e-17
9.990162700806119621e-18
9.578908226001806777e-18
9.280540469384522727e-18
9.244017021195064402e-18
9.023226188695173664e-18
8.766351644472139875e-18
8.368414797653354927e-18
7.924320517198838181e-18
7.921578485670380167e-18
7.621074616157127035e-18
7.483811872248737794e-18
7.467998042966447878e-18
7.282622185527393905e-18
6.797354467601444492e-18
6.550633789650723407e-18
5.934692794923740149e-18
5.602394354109963856e-18
5.571573762893907407e-18
5.190282792252791753e-18
5.107380137361344218e-18
4.905360694255863283e-18
4.574349333670722799e-18
4.551857291277783286e-18
4.304534014617722822e-18
4.147649003748165648e-18
3.800782968518379012e-18
3.754586500996939610e-18
3.648131156168678109e-18
3.559254024452154429e-18
3.454651529262211324e-18
3.391977202939263623e-18
3.276297505758312630e-18
3.228315620214305091e-18
3.211502188544553340e-18
2.869808599047253294e-18
2.750891458995227820e-18
2.693767808900560083e-18
2.687900390351595457e-18
2.628859732332688052e-18
2.577918900788630862e-18
2.571289739160995253e-18
2.378204563803510961e-18
2.219035243074111739e-18
2.192448398217768084e-18
2.190136057499893186e-18
2.116612719996737336e-18
2.067687568546710694e-18
1.985098173454902769e-18
1.910522968908388160e-18
1.885445063656768272e-18
1.875907767069879404e-18
1.822130778382663520e-18
1.804733117713906886e-18
1.762619230855296474e-18
1.761629167288667387e-18
1.588266289374076136e-18
1.583604665740960120e-18
1.581515134589803149e-18
1.555573657936606218e-18
1.462051574044284435e-18
1.456851257916429149e-18
1.359854407676707473e-18
1.332095346263949033e-18
1.308078984649404693e-18
1.299170109699513242e-18
1.276234426960980698e-18
1.226961878278844720e-18
1.157231417450493480e-18
1.143747945313995373e-18
1.142985240351326021e-18
1.133428357397724350e-18
1.120118365376458171e-18
1.109484669706906797e-18
9.912328073814748957e-19
9.578456305362316965e-19
9.573469684177923386e-19
9.299747171974158392e-19
9.232687781903577264e-19
9.215549053651558332e-19
8.735119523451443373e-19
8.687663630242690847e-19
8.553751201911916480e-19
8.500845578777281058e-19
8.324900308170427668e-19
7.919412178947410746e-19
7.818225914038580915e-19
7.656068157263845184e-19
7.373532699188069226e-19
7.203062180004920346e-19
7.100490247433310686e-19
6.952290198153164439e-19
6.383717729635957649e-19
6.338019611129410891e-19
6.077677618343121916e-19
5.828767713771598455e-19
5.762446739711168547e-19
5.716811934540643714e-19
5.446216304652722737e-19
5.361814305987414630e-19
5.203200280471625479e-19
5.132976754489708765e-19
5.096382558568943980e-19
4.923862821412089440e-19
4.915125188426064997e-19
4.715958423841730611e-19
4.685467762669622845e-19
4.437646158605469554e-19
4.358886690798049892e-19
4.317170842288187648e-19
4.281162695737984788e-19
4.276955608892885930e-19
4.046991449712670138e-19
3.873903447650304667e-19
3.808552847016829447e-19
3.749134269310241816e-19
3.647468683957330656e-19
3.569867859537493636e-19
3.531551200901711107e-19
3.489361856153379506e-19
3.336279020271182327e-19
3.317255786036006140e-19
3.283720183485259853e-19
3.146075215250565428e-19
3.047873574324844199e-19
2.913460920650144596e-19
2.900369512605956100e-19
2.816049881716184942e-19
2.736302638292140624e-19
2.684655870412116827e-19
2.662981585777594975e-19
2.609457867355977422e-19
2.537105240618377606e-19
2.512433119020157505e-19
2.473600172749108885e-19
2.455733958449674630e-19
2.417247236547755643e-19
2.368465894386363782e-19
2.368422805409281367e-19
2.304480693272704451e-19
2.281890157348991100e-19
2.274288850048294463e-19
2.191262893287233552e-19
2.033726176960789547e-19
1.960773502578045713e-19
1.903512847161481813e-19
1.887029358834093999e-19
1.789990332542003267e-19
1.750663179077416679e-19
1.725229413397051940e-19
1.716828030535151306e-19
1.633402209549350726e-19
1.596641789447753029e-19
1.573818015235911352e-19
1.517217551517345782e-19
1.511060355814239093e-19
1.504583864435819682e-19
1.464778503313130192e-19
1.449790162835853340e-19
1.351255211246510962e-19
1.335637316410102444e-19
1.265393263231443348e-19
1.256686746009888233e-19
1.251496452347398243e-19
1.226889267236911558e-19
1.216928130068170250e-19
1.189102193711588638e-19
1.133797190498550784e-19
1.122465586563273236e-19
1.111294817483589712e-19
1.035003220422402572e-19
1.028147132410951634e-19
9.776288262139430614e-20
9.738224271777667755e-20
9.684303082253937627e-20
9.121845331531858091e-20
8.747806641946573593e-20
8.533171616642277950e-20
8.207648692662414067e-20
7.891044257555848806e-20
7.853041202425189149e-20
7.768615739670103318e-20
7.707344279855585751e-20
7.225651695780219022e-20
7.033922735994205415e-20
6.958124907000181346e-20
6.587101026839980637e-20
6.370806072329986693e-20
6.229846553823051067e-20
6.024470417182498134e-20
6.012888063480378260e-20
5.648172572461062329e-20
5.459461332258743274e-20
5.459064711641818721e-20
5.442515667312658927e-20
5.295813690521806813e-20
5.191062970029254821e-20
5.062329745687064790e-20
4.831315323444400910e-20
4.786189037847950722e-20
4.760657434054378319e-20
4.645244841562652155e-20
4.550037098274334539e-20
4.447010656886123399e-20
4.168476143255882682e-20
3.965783414951180929e-20
3.876866659906936599e-20
3.742371246000024704e-20
3.684342237919109503e-20
3.526494289952541856e-20
3.390262509162809156e-20
3.095102693409757720e-20
2.941267934311302337e-20
2.851123167547101933e-20
2.709035853417821491e-20
2.647466162624398673e-20
2.514615598708277809e-20
2.500982828919917294e-20
2.389315994716172037e-20
2.384375257718570706e-20
2.339912739785853630e-20
2.336706386437275170e-20
2.209846933658203358e-20
2.056348637870696753e-20
2.051246816583686995e-20
2.037181074911310936e-20
1.945474410352481822e-20
1.860164532108519827e-20
1.759392921364820464e-20
1.735891839558123166e-20
1.706518108334745124e-20
1.556004963080848298e-20
1.453502055738163689e-20
1.430007586195240153e-20
1.381080677338615528e-20
1.295917899280904982e-20
1.294483831794574334e-20
1.233956827033472689e-20
1.223557452084442244e-20
1.119233440532396180e-20
1.088113192189575637e-20
1.039577415916824100e-20
1.026472966123525916e-20
1.000059621233977493e-20
8.939636221353353028e-21
8.530978176920221890e-21
8.270517580054404041e-21
7.414257310945786807e-21
7.359779326388855048e-21
7.102158412723137937e-21
6.235975179989678970e-21
6.152792482111947633e-21
5.234312274980129509e-21
4.526913256614999242e-21
3.975817762883617667e-21
3.649636926676572928e-21
3.563378898690177934e-21
3.422354401217487680e-21
2.541554118924760030e-21
1.548352187844634803e-21
1.385143527687737542e-21
1.182395435971790381e-21
5.032648570482915351e-22
-5.088863979461865109e-22
-5.852306883481807373e-22
-8.205311866665574722e-22
-8.430535397096659441e-22
-1.208132284565494382e-21
-1.484743757645913151e-21
-1.677938963257429606e-21
-2.112405746078790795e-21
-2.749040861634160581e-21
-3.316172647792428906e-21
-3.547639394332120223e-21
-3.948889085789746910e-21
-4.045329799810861213e-21
-4.089403999526063917e-21
-4.199348842958729166e-21
-4.256447202765373617e-21
-5.166176553869487996e-21
-5.413153062106648784e-21
-6.506441360333002842e-21
-7.159645637315559619e-21
-7.705288612299311875e-21
-7.867672681458512939e-21
-8.320937581270314740e-21
-8.989350876168916236e-21
-9.190064554749071816e-21
-9.445176336991967409e-21
-1.061469999583222251e-20
-1.108572669437208863e-20
-1.191784667141755691e-20
-1.191805027993628223e-20
-1.225895276326690471e-20
-1.266231066394770701e-20
-1.331603617103072663e-20
-1.373811674387346777e-20
-1.422244992944184966e-20
-1.484960430384810687e-20
-1.543531212015834689e-20
-1.610667684161091543e-20
-1.814309729534259993e-20
-1.849603024959948746e-20
-1.858223048258718350e-20
-1.941917235768279119e-20
-1.956215610052202758e-20
-2.078495157795051224e-20
-2.098844092169344927e-20
-2.203760189238540411e-20
-2.213755896311359481e-20
-2.397180787495622637e-20
-2.599794222253782316e-20
-2.729627874274882508e-20
-2.743748741476810125e-20
-2.894457875760095521e-20
-2.912044303005684893e-20
-2.993456387150359835e-20
-3.008490432194990978e-20
-3.056157011507497968e-20
-3.087999999520416198e-20
-3.274572873166800083e-20
-3.484046481979968090e-20
-3.523990164369502152e-20
-3.614051495502302309e-20
-3.657679316951997724e-20
-3.767796042387512520e-20
-3.853172857674198069e-20
-3.916099064320795384e-20
-4.137917776947200887e-20
-4.189829197857593240e-20
-4.418021975868083958e-20
-4.555192286789057937e-20
-4.639169964177610823e-20
-4.675665445005719411e-20
-5.094457216740254757e-20
-5.158363108760005102e-20
-5.238990775819765203e-20
-5.273867155682393191e-20
-5.295229097595353181e-20
-5.421748442463428848e-20
-5.422467680950918768e-20
-5.810690128563793517e-20
-5.919757539372247380e-20
-6.224050365260179217e-20
-6.244899079163157400e-20
-6.387715974445548403e-20
-6.808192187637806324e-20
-7.183122405024279080e-20
-7.477767039416669190e-20
-7.726193701653894467e-20
-7.849449951260640835e-20
-8.162773756154358840e-20
-8.419099065095221914e-20
-8.444000964274392078e-20
-8.662131370682543286e-20
-8.762936037183463933e-20
-9.179546069226859899e-20
-9.497270854472699363e-20
-1.016633622796504141e-19
-1.022280288552326477e-19
-1.041342130348102361e-19
-1.077777026803979241e-19
-1.091526453152081168e-19
-1.101243446093133044e-19
-1.134261846761800734e-19
-1.192670798220574401e-19
-1.203158831987988709e-19
-1.232209272868542513e-19
-1.286676343186540933e-19
-1.292268424198673849e-19
-1.297807195359142562e-19
-1.347860661444291092e-19
-1.364896620515618510e-19
-1.409416395181564063e-19
-1.409448280754598877e-19
-1.455955077568546447e-19
-1.563113925880152794e-19
-1.585863772060113158e-19
-1.675711648561866205e-19
-1.675756015948973046e-19
-1.700564799302963354e-19
-1.737086989607393974e-19
-1.744274140913500231e-19
-1.753411695815949865e-19
-1.804635032368940408e-19
-1.864918066115969374e-19
-1.877645371534299490e-19
-1.894197854578584825e-19
-1.958024410605917911e-19
-1.966236601933673298e-19
-2.045254273872596203e-19
-2.088092584559401148e-19
-2.104458826374607543e-19
-2.131884237275448583e-19
-2.212602625913261869e-19
-2.256304613888432928e-19
-2.297365561029636323e-19
-2.399478077862071909e-19
-2.516985304579759684e-19
-2.536073588259346453e-19
-2.634775644639382287e-19
-2.662935015518751813e-19
-2.666572697977123393e-19
-2.680490974452961809e-19
-2.746314485979893801e-19
-2.763048971801934012e-19
-2.786687798040649869e-19
-3.061738460613577495e-19
-3.117961892296978397e-19
-3.148899040588855579e-19
-3.157599570234020219e-19
-3.214886068821022157e-19
-3.239599738448359255e-19
-3.362628108108179758e-19
-3.455893294428364863e-19
-3.519054381215307912e-19
-3.610603094826142298e-19
-3.693846376414728270e-19
-3.759703535490671800e-19
-3.771041467118338698e-19
-3.778240379223774951e-19
-3.921814054361511622e-19
-3.954910348174762368e-19
-4.128107188297795265e-19
-4.303275753876324637e-19
-4.341324748250678617e-19
-4.477543702771945964e-19
-4.568467396797143492e-19
-4.656773959205492450e-19
-4.761547707406101227e-19
-4.799683769567750418e-19
-4.865103226407501637e-19
-4.962133919875669729e-19
-5.272224567224103741e-19
-5.366914982033670847e-19
-5.453169150847458051e-19
-5.615374449933710358e-19
-5.722276061693478710e-19
-5.740469195566786577e-19
-5.921198950717172036e-19
-5.997560058993654938e-19
-6.101507473927774456e-19
-6.111416738847573125e-19
-6.144262631170205058e-19
-6.247332085421296264e-19
-6.583087414324537060e-19
-6.640336519027537383e-19
-6.704292618615060140e-19
-6.931846330969225386e-19
-7.089753536530908405e-19
-7.284917943545731801e-19
-7.343215209230981073e-19
-7.680909335781608440e-19
-7.719026919657944014e-19
-7.879823796295794828e-19
-8.037470489219883452e-19
-8.101301167571511434e-19
-8.195756070902013172e-19
-8.423174657252414452e-19
-8.637438806049268666e-19
-8.909399399445837125e-19
-8.914330701589159726e-19
-9.304082486350966189e-19
-9.404543076010701492e-19
-9.453942602412602715e-19
-9.701384036720922358e-19
-1.001129994980745382e-18
-1.025943736140972382e-18
-1.058517264349900682e-18
-1.094624550869004175e-18
-1.130923813646316888e-18
-1.135328027203225483e-18
-1.189631562029150486e-18
-1.202172605393059535e-18
-1.244185664758544538e-18
-1.298149177086839428e-18
-1.311743838854376641e-18
-1.317402320332475652e-18
-1.377048272496609734e-18
-1.390143463852175585e-18
-1.423697488929885690e-18
-1.434874996009023298e-18
-1.461725815327591127e-18
-1.463972550863210301e-18
-1.588135445032439685e-18
-1.623086410462821528e-18
-1.630935983854534531e-18
-1.667991642739996240e-18
-1.668908686402969821e-18
-1.777815589268160658e-18
-1.803555960459226972e-18
-1.866116157883572134e-18
-1.914195416695824329e-18
-1.933301325784975570e-18
-2.048630404449404048e-18
-2.133305721127464311e-18
-2.192095514043832960e-18
-2.258441202553593912e-18
-2.280427314475532721e-18
-2.450952711249588337e-18
-2.607276424093793701e-18
-2.684975815124262441e-18
-2.764949555933464424e-18
-2.789163710727432408e-18
-2.791572287372886570e-18
-2.834116694146455154e-18
-2.922086136885467653e-18
-3.077450576348854129e-18
-3.248687208130039919e-18
-3.490501954631537579e-18
-3.496519533065259257e-18
-3.618077739428924628e-18
-3.781446736721999998e-18
-3.781460361840532216e-18
-3.851221417089036627e-18
-4.283065739768484190e-18
-4.479729481131229440e-18
-4.493730514152970405e-18
-4.891328117077063814e-18
-5.188563980234394493e-18
-5.327108370521999777e-18
-5.427454619911028076e-18
-5.828514590679031889e-18
-6.052018649663422079e-18
-6.351686239388387202e-18
-6.478593205067483713e-18
-7.197483454252319830e-18
-7.568934193759163697e-18
-7.906813237152417418e-18
-7.940653708818279397e-18
-8.131062634925755829e-18
-9.485637222599507068e-18
-9.732667813132138208e-18
-9.897050956576369099e-18
-1.037184462062194421e-17
-1.072965415658847072e-17
-1.074404025934845777e-17
-1.159934819390591402e-17
-1.195805707849060365e-17
-1.239249153013348936e-17
-1.252259313079252204e-17
-1.269506689033263735e-17
-1.419660249704519201e-17
-1.525648191216966123e-17
-1.590969409268195891e-17
-1.602931505984523650e-17
-1.687293205316935324e-17
-1.873830169290767283e-17
-1.986122032551033750e-17
-1.992565028790796840e-17
-2.146571818640641922e-17
-2.361462936649490386e-17
-2.415844416301042019e-17
-2.563909384715707567e-17
-2.590698359142224017e-17
-2.862734053608827066e-17
-2.949539557733240982e-17
-3.000867896168725286e-17
-3.052142831619660235e-17
-3.335053379755318087e-17
-3.371758909458599175e-17
-3.544809438404780895e-17
-3.850788125284185460e-17
-3.899707406380550504e-17
-4.060577519671443361e-17
-4.162340140761681522e-17
-4.511364220949237447e-17
-4.710562017572537585e-17
-4.725697681435131211e-17
-4.923608465041962006e-17
-4.927746815941545855e-17
-5.228582934912558458e-17
-5.250691222067063036e-17
-5.500377736234283933e-17
-5.667647911594455855e-17
-5.755123238027956584e-17
-5.945701656446901265e-17
-6.347280129201105863e-17
-6.654580223487463058e-17
-6.740749181057897114e-17
-6.907991911059504500e-17
-6.983141164965152609e-17
-7.557331074184644345e-17
-7.609502453042752867e-17
-8.167424600198517939e-17
-8.323146286789650618e-17
-8.756107646417629327e-17
-9.342535451299422511e-17
-9.585744926127843743e-17
-9.662343303392327543e-17
-9.809951901807992714e-17
-1.025415839514017940e-16
-1.034286404921528255e-16
-1.092073135794918880e-16
-1.155783114991614506e-16
-1.213622354784248176e-16
-1.276320805746311674e-16
-1.317917755149307246e-16
-1.373463624104369163e-16
-1.451170045525628043e-16
-1.488491044475576821e-16
-1.506514520026451911e-16
-1.507311343884926066e-16
-1.524611164192008651e-16
-1.618624244820856626e-16
-1.693588581452242867e-16
-1.703442552253931861e-16
-1.759368661493730040e-16
-1.773056979067105778e-16
-1.791158237328948600e-16
-1.842734094905757273e-16
-1.936688894537723981e-16
-2.033801180445713333e-16
-2.044035026223135379e-16
-2.095857145410976487e-16
-2.116551636043508163e-16
-2.233313039268383912e-16
-2.242474399227237900e-16
-2.279128169710414243e-16
-2.326517218955252530e-16
-2.365243808413797103e-16
-2.510239851833415857e-16
-2.519624197604343462e-16
-2.590812779395427238e-16
-2.637783851127895214e-16
-2.763555627064291003e-16
-2.949269677430544502e-16
-2.991536556132028535e-16
-2.996064270052520324e-16
-3.020793032310545066e-16
-3.120348850333345225e-16
-3.141869681167002830e-16
-3.159060882528944727e-16
-3.173115174758028709e-16
-3.195403015761005108e-16
-3.260576781459160464e-16
-3.321497112694117332e-16
-3.340231068672874400e-16
-3.362534948338692982e-16
-3.394690370655325370e-16
-3.416427840375825538e-16
-3.517051914111418771e-16
-3.614190830386716292e-16
-4.026458772671265331e-16
-4.026951861860558175e-16
-4.170092433339011988e-16
-4.214212889906476567e-16
-4.227991309681578918e-16
-4.261279093236705621e-16
-4.578061920639832985e-16
-4.711127916390591655e-16
-4.893654814462163581e-16
-4.987615776780609488e-16
-4.992055247615019051e-16
-5.131358414844705150e-16
-5.243307438195835928e-16
-5.274628431346398574e-16
-5.385570631444372912e-16
-5.419353116176491599e-16
-5.465693500427674466e-16
-5.573708688121689093e-16
-5.703972461970028081e-16
-5.909377050042853025e-16
-5.929421933308590972e-16
-6.014793682940674652e-16
-6.157671034971901702e-16
-6.342801176956502276e-16
-6.353689483023910533e-16
-6.505168824237136371e-16
-6.542380993032894909e-16
-6.637136456421863461e-16
-6.662612590542929113e-16
-6.814288751978273001e-16
-6.843392779295310405e-16
-6.857513735906103578e-16
-6.933747931333617173e-16
-7.274970488778107776e-16
-7.739438290518808086e-16
-7.763437677283646034e-16
-7.917857792805038947e-16
-7.968961998513908188e-16
-8.073669720423111812e-16
-8.233065143413414722e-16
-8.376563827585102591e-16
-8.458411712624181898e-16
-8.494561331549941759e-16
-8.641220738468130029e-16
-8.693743156151328057e-16
-8.827386671128628285e-16
-8.898078748507876944e-16
-9.026494818107829547e-16
-9.185025104284230385e-16
-9.286999006179249057e-16
-9.351853490490413585e-16
-9.546869126349132618e-16
-9.879581828376398790e-16
-9.916817956117545776e-16
-9.994419274301735566e-16
-1.048177191863737056e-15
-1.055109096933948978e-15
-1.072257679283767169e-15
-1.075517177854036521e-15
-1.104131819076352077e-15
-1.115335808182102052e-15
-1.139707911884748562e-15
-1.159806366651930616e-15
-1.191016845498953488e-15
-1.207249448831939914e-15
-1.215691991908015974e-15
-1.233653535133495966e-15
-1.233872115695349614e-15
-1.239714829705903091e-15
-1.260385353980307156e-15
-1.275570606610003603e-15
-1.286218231583736428e-15
-1.310634059805778716e-15
-1.325232063660923861e-15
-1.342902811951901884e-15
-1.386366242340276739e-15
-1.400560171988489959e-15
-1.420866318648544229e-15
-1.431411550382188356e-15
-1.464433223106909571e-15
-1.471636205248654755e-15
-1.472917393244167158e-15
-1.484331416656832671e-15
-1.558727311100094615e-15
-1.562856826374849562e-15
-1.569338090985063161e-15
-1.591981767123139416e-15
-1.600973010123284080e-15
-1.639316983648632096e-15
-1.658417833321058887e-15
-1.676509502973512764e-15
-1.681342129628127058e-15
-1.736816899699959767e-15
-1.746101497497290500e-15
-1.779125149765749199e-15
-1.788743774704292396e-15
-1.791966038642766125e-15
-1.832621976975901154e-15
-1.849874380136648677e-15
-1.874732023677690866e-15
-1.940199219076422552e-15
-1.942408271114551457e-15
-1.957358155456945959e-15
-1.976260463376196294e-15
-2.004172885948779831e-15
-2.031923369413643906e-15
-2.044174633965072668e-15
-2.066921444052173569e-15
-2.072689699891415482e-15
-2.140130327947133332e-15
-2.160463867158067944e-15
-2.191701383088306671e-15
-2.202528303644289115e-15
-2.223217855188640560e-15
-2.223714594025203356e-15
-2.274786956679204612e-15
-2.285145425511958601e-15
-2.305233889582482625e-15
-2.310662034537385133e-15
-2.342442985667904973e-15
-2.380629453400171045e-15
-2.508422249824699165e-15
-2.524822704667904725e-15
-2.556354602013853201e-15
-2.561385846963235328e-15
-2.574990852897575940e-15
-2.643877113526601107e-15
-2.645115622101995490e-15
-2.702463885492395369e-15
-2.706479168074819575e-15
-2.709425913592423926e-15
-2.760523514065686847e-15
-2.765991665332630204e-15
-2.768941326879828857e-15
-2.776715571522428867e-15
-2.797959930886709066e-15
-2.892645921807342380e-15
-2.918822885043594268e-15
-2.933147305356356512e-15
-2.970344208451913815e-15
-3.018115036007961825e-15
-3.024254879500935919e-15
-3.031296978447661686e-15
-3.065236354754775836e-15
-3.161673039193730319e-15
-3.176254499587743923e-15
-3.203707459014845072e-15
-3.211754152728061086e-15
-3.305816207314030022e-15
-3.307537765090631942e-15
-3.382961382313962340e-15
-3.394597631911520820e-15
-3.423522919259401536e-15
-3.423939383705418010e-15
-3.441885660899831543e-15
-3.459838497316895232e-15
-3.544916296653722939e-15
-3.548615805342366058e-15
-3.554690419297716684e-15
-3.578319016514382901e-15
-3.697065318952684592e-15
-3.697090050915983750e-15
-3.703527470587624178e-15
-3.725986342295664410e-15
-3.779474061057047500e-15
-3.863511505126704536e-15
-3.871630799646161190e-15
-3.901903787816032142e-15
-3.962735894982402216e-15
-3.983826937107391076e-15
-4.109515691964071719e-15
-4.135819331453808667e-15
-4.159465350929605297e-15
-4.162065164683594485e-15
-4.191518480475621000e-15
-4.192430882163862037e-15
-4.209022616529443750e-15
-4.235895665646225441e-15
-4.254541052164605643e-15
-4.383810502612017501e-15
-4.413614325892431593e-15
-4.479169243874719015e-15
-4.484289310696034329e-15
-4.512569110807220896e-15
-4.576661856308653349e-15
-4.606076839703926965e-15
-4.717986749388417209e-15
-4.758417311041337625e-15
-4.773903733574831904e-15
-4.791205857190387442e-15
-4.803222539344360658e-15
-4.991979986435034540e-15
-5.027311166106673070e-15
-5.063118532680386447e-15
-5.191982033618870253e-15
-5.193703791189000417e-15
-5.212353698532287710e-15
-5.236096862366558851e-15
-5.306990808991463155e-15
-5.365458313398749356e-15
-5.369871499453531945e-15
-5.478143088353592608e-15
-5.654041201702041998e-15
-5.710440154782334865e-15
-5.717345724272409611e-15
-5.720081254150235308e-15
-5.763577296829024656e-15
-5.796512006890902378e-15
-5.836724355978762518e-15
-5.954645398965199752e-15
-5.979964172185712180e-15
-6.104447934724541211e-15
-6.157271511018867193e-15
-6.229810881888885621e-15
-6.241273643153229961e-15
-6.264624563710642732e-15
-6.266805170227036383e-15
-6.287689805926469264e-15
-6.451898108828992907e-15
-6.486655880189565966e-15
-6.537230432631495470e-15
-6.592309950491884787e-15
-6.625858945673984754e-15
-6.779731429767278108e-15
-6.814113976591659283e-15
-6.931064994998567574e-15
-6.991059072358430448e-15
-7.019583221340737521e-15
-7.030230527464562944e-15
-7.053193540898930557e-15
-7.194657568026593140e-15
-7.222707245199033431e-15
-7.248449828026380955e-15
-7.451385010122536020e-15
-7.591421963326790765e-15
-7.665886017151676828e-15
-7.672734830583970316e-15
-7.861575360123804904e-15
-7.891124030277128008e-15
-7.913426828848956748e-15
-7.944426713977959105e-15
-8.065169158160164378e-15
-8.177060987770474186e-15
-8.261240873022501579e-15
-8.407969581138623004e-15
-8.431600266993700723e-15
-8.700801248675595104e-15
-8.706009356675497724e-15
-8.821763032453535937e-15
-8.834795072739168039e-15
-8.979033245028707924e-15
-9.019166022367741661e-15
-9.098042976734462238e-15
-9.106828426104863595e-15
-9.257927565465161088e-15
-9.301129496830431652e-15
-9.466427750077637214e-15
-9.572365842746388218e-15
-9.678151968324151125e-15
-9.865017258088155376e-15
-9.983134788881617002e-15
-1.004752804983081039e-14
-1.008869361770580592e-14
-1.038493730118068810e-14
-1.050057756919485974e-14
-1.066192993833206572e-14
-1.080482726707852364e-14
-1.092915945882463076e-14
-1.113162334846155263e-14
-1.116544084707543397e-14
-1.122244995602984368e-14
-1.145545407138896994e-14
-1.208375144837238797e-14
-1.208560036531320433e-14
-1.231115106297477030e-14
-1.249245601081915178e-14
-1.262228328663967488e-14
-1.274114182506657026e-14
-1.299137307759328690e-14
-1.317797137505476468e-14
-1.336671753671926480e-14
-1.340515466138696860e-14
-1.346102963744071376e-14
-1.366662399353277519e-14
-1.401914584680097081e-14
-1.414760238331360800e-14
-1.424002755846971005e-14
-1.425522818439429114e-14
-1.458987580127803464e-14
-1.476955427908828936e-14
-1.507954108169294076e-14
-1.546948267534887391e-14
-1.556549720396043822e-14
-1.591335722081268766e-14
-1.664573603203499894e-14
-1.679075994339372608e-14
-1.690276125061446499e-14
-1.723106564223854759e-14
-1.790574026145193606e-14
-1.803446747618651092e-14
-1.827867545118733888e-14
-1.924992152564309592e-14
-1.974602074554838179e-14
-2.011415346349802603e-14
-2.083497857571836065e-14
-2.134781736757039236e-14
-2.146603208266570642e-14
-2.209918187346607097e-14
-2.229718856543454955e-14
-2.277381293264880899e-14
-2.301734727115741562e-14
-2.452241404937445706e-14
-2.726380761856667563e-14
-2.885400375641534346e-14
-3.785200842970892671e-14
-4.270001723967131055e-14
-5.053867090571243321e-14
-5.736546847030475548e-14
-6.092925424932049318e-14
-7.045615943899951682e-14
-8.516976639474582917e-14
-1.059799467495031487e-13
-1.299744792711825943e-13
-1.510069960050306509e-13
-3.879025615197852772e-13
