1.084142022111903998e+03
3.271542256786440817e+02
1.971956040780036972e+02
7.879031127999230932e+01
6.031214259394285904e+01
3.285379896028473468e+01
2.918159759837408984e+01
2.293437602869989789e+01
1.925638952103089352e+01
1.521849256447948129e+01
1.426859851466299034e+01
1.317149476328663482e+01
1.064012548946744019e+01
9.707655341217703793e+00
8.957764078912807904e+00
7.581545010206832913e+00
6.661647978034227258e+00
5.963633423243573262e+00
5.267290141964839023e+00
4.774269769345834469e+00
4.172206043250183072e+00
3.791126843715842298e+00
3.288337387069804496e+00
3.079580409860602330e+00
2.884935624480275962e+00
2.622242121294470429e+00
2.392980495016851616e+00
2.245920030153380598e+00
2.034862699099948546e+00
1.630652126998961782e+00
1.596705017301565110e+00
1.475241328703554622e+00
1.327780312002164731e+00
1.152447837209381598e+00
1.087340075157157138e+00
1.032493175718169898e+00
9.262720852063006660e-01
8.713385082621035727e-01
7.778147793755413320e-01
7.083571258177804308e-01
6.416660685119669472e-01
5.761113296441041642e-01
5.312252076621221120e-01
4.554507681035158129e-01
4.103909328392823519e-01
3.994233191399820249e-01
3.741880519029852081e-01
3.513221725557666431e-01
2.953693246990689025e-01
2.807046655888711939e-01
2.587585490736358795e-01
2.165127704971780143e-01
1.966778245223947397e-01
1.837611622176144044e-01
1.639136002261057101e-01
1.444344879434734386e-01
1.359964749687952446e-01
1.262559867630372035e-01
1.110446398086886166e-01
1.058126444182515696e-01
9.940917871053694954e-02
7.880594560365335177e-02
7.337296480438389168e-02
6.356667929129214412e-02
5.863423927811344666e-02
5.519655403548193173e-02
4.575514595367495552e-02
4.438284798076005955e-02
3.851162491523287684e-02
3.483295869894032643e-02
3.054227411524420080e-02
2.772712092614056795e-02
2.447605701705698328e-02
2.161413056341309966e-02
2.029000937838214974e-02
1.917918595010177987e-02
1.696328407266473395e-02
1.594583355310535272e-02
1.553162064201935900e-02
1.329483303380856428e-02
1.233974460958238775e-02
1.012972000467024167e-02
7.930352060573591169e-03
7.620021728268972297e-03
6.660094838390267016e-03
6.043316601764046544e-03
5.527525175915490654e-03
5.189477120740159689e-03
4.560677081549419955e-03
4.173490293229506834e-03
4.013899316067705454e-03
3.548801414591494247e-03
3.137637748839061484e-03
2.921208896745647147e-03
2.830925408630606543e-03
2.500271461643418895e-03
2.355617093762314707e-03
2.187072563752529876e-03
1.813774825964263116e-03
1.773236704056183229e-03
1.582744863932208186e-03
1.329815878538515624e-03
1.231950870824813403e-03
1.175666957514845965e-03
9.015390481274573441e-04
8.612022671228745322e-04
7.789479303173050661e-04
6.548482850592418116e-04
6.425219056441233440e-04
5.763856589517376899e-04
5.417502469102969181e-04
4.557884038887520810e-04
4.119113971390607801e-04
3.746403600334796235e-04
3.711057954291390511e-04
2.988201303725242339e-04
2.318823695174346766e-04
1.919856471164279742e-04
1.698525619789377635e-04
1.426653224980243152e-04
1.358905218961173615e-04
1.097067248643242813e-04
1.049039120920433534e-04
1.000526955900995411e-04
9.170670929937074951e-05
8.500070478039205258e-05
7.384275778041200300e-05
6.320952854014286984e-05
6.172663537145241643e-05
4.811623543546026934e-05
4.521769279424003711e-05
4.096609669553742824e-05
2.837185140349914148e-05
2.463980308064076108e-05
2.340540043816496780e-05
1.902344485321000807e-05
1.326430728173283326e-05
1.196179804408078119e-05
8.806653306994563770e-06
8.224545581293155405e-06
7.632210537126650019e-06
7.421359830087359566e-06
6.492326159344463946e-06
4.872398991890606413e-06
3.609994675571405474e-06
2.817713423619551475e-06
2.473777220593005530e-06
2.114958181045039600e-06
1.849763784401776291e-06
1.749369221807303694e-06
1.045227257409771934e-06
9.907376914443822085e-07
7.928404092682578745e-07
6.561348998882359348e-07
5.722021314786207343e-07
4.904976670876100064e-07
4.103504487633721406e-07
3.651921268751230339e-07
3.220530593695569090e-07
2.751275497622261082e-07
1.978617506084482720e-07
9.363759895187699671e-08
8.029807389843654014e-08
6.126144217395269176e-08
4.918059550512143638e-08
3.517198879307583847e-08
3.344621075019187020e-08
2.821924480941059366e-08
1.837278424931970684e-08
1.684250378644394044e-08
1.358220686094315387e-08
1.200450383519512682e-08
1.082789819164654293e-08
9.518337497149015790e-09
7.317309012826651691e-09
6.553226186034974572e-09
5.197227437821116127e-09
4.033130293491604596e-09
3.093937335377402382e-09
2.525102916359741986e-09
1.684066998117275334e-09
1.230937515275454127e-09
1.057499180526711169e-09
6.072122407002728731e-10
4.582523761497455103e-10
3.726836958131975570e-10
3.686466323723879059e-10
2.825684354835648176e-10
2.335152953732969072e-10
1.391561587836023657e-10
1.261378507593709856e-10
8.209665986531061109e-11
7.782739284204610595e-11
5.750998105942912619e-11
3.955747540221387798e-11
3.436784155674502093e-11
1.972073736146683155e-11
1.724101039852113202e-11
1.213989229522734114e-11
1.099140999960718646e-11
9.608938785705439492e-12
5.980621980474392310e-12
3.925174413753430304e-12
2.758845848323445182e-12
2.629165740660701304e-12
1.975133750836108781e-12
1.396360123369725554e-12
1.039645488444426737e-12
7.851083422178787695e-13
7.475828334834830239e-13
6.972937709944064681e-13
5.456224431906078507e-13
3.548077056941335362e-13
2.960514583834434637e-13
2.454388296723108992e-13
2.402232295940458641e-13
2.068533185182151666e-13
2.052144974207514800e-13
2.009096176522413402e-13
1.895422399242460470e-13
1.806187634893068356e-13
1.798590129599737003e-13
1.689847615948314630e-13
1.633455543613732285e-13
1.549658803643074818e-13
1.531452607808185416e-13
1.526194130375050307e-13
1.487699281402203102e-13
1.460735808450150428e-13
1.412194647968352400e-13
1.353218432884382437e-13
1.346150115368575414e-13
1.309281934385384244e-13
1.300546067533100390e-13
1.264922972851580544e-13
1.187392347975687492e-13
1.180143469069592711e-13
1.150652715754576552e-13
1.149308193903234597e-13
1.128438311932864466e-13
1.096875815591424237e-13
1.070843499668760042e-13
1.046709287119057511e-13
1.035117220668050815e-13
1.001164088944223179e-13
9.987235269192962849e-14
9.780341005035977126e-14
9.683328881999011750e-14
9.552017375848639673e-14
9.407899284858055979e-14
9.231549103477225880e-14
8.973891811793898131e-14
8.808662076541229520e-14
8.746972495742954172e-14
8.406992502143383936e-14
8.329234334872580057e-14
8.206891770544276162e-14
8.159224254251772793e-14
8.118949724632970760e-14
8.073896890920663584e-14
8.061672480925011762e-14
8.043853777783477613e-14
7.760883904598049109e-14
7.499997379190498144e-14
7.279079920603211600e-14
7.228095820620954084e-14
7.196611030989589222e-14
7.188402233880214044e-14
6.862902961518489531e-14
6.860093254230458947e-14
6.747146945682255576e-14
6.740383741471271542e-14
6.551819177927759455e-14
6.544880231108023222e-14
6.336436836577243929e-14
6.276811954923545466e-14
6.128122541084828154e-14
6.108255094020896764e-14
6.008300472272162991e-14
5.985384263831781511e-14
5.948138915544690797e-14
5.864162520940895305e-14
5.756499210033966797e-14
5.744469473054417337e-14
5.735887330880220360e-14
5.676647289870652833e-14
5.672185255966121070e-14
5.530429986383385827e-14
5.410541457775354314e-14
5.308474696784442335e-14
5.282020294679501488e-14
5.200050454947891475e-14
5.189646142426726550e-14
5.004782011002444362e-14
4.964319336185953739e-14
4.936878954998869776e-14
4.851881203813473884e-14
4.796448451381562586e-14
4.744814623326639216e-14
4.736842436703710380e-14
4.653199508137571553e-14
4.635306369023313208e-14
4.633316385911713665e-14
4.568460556415741515e-14
4.541498663413966339e-14
4.332731231231170596e-14
4.294599491973500370e-14
4.287665032181969366e-14
4.237207999233683914e-14
4.235917490080825652e-14
4.197704787412936931e-14
4.142512663968031581e-14
4.029824664299455014e-14
4.027571263134008236e-14
3.967175123081636845e-14
3.936202009283684772e-14
3.827112339676739664e-14
3.825772819787298928e-14
3.787551789832794401e-14
3.771735313580712467e-14
3.767355179874194026e-14
3.675787049519261318e-14
3.657554871503549670e-14
3.644586435602723194e-14
3.601802624365035241e-14
3.579760136306996807e-14
3.502363221747693046e-14
3.473290852481356067e-14
3.416566537956846992e-14
3.370452249249605294e-14
3.339854200848593354e-14
3.289205881183999527e-14
3.262725586480853709e-14
3.257577769292721019e-14
3.177681705610083730e-14
3.176454370713111421e-14
3.115380190982221318e-14
3.114618826540105301e-14
3.104395110401198060e-14
3.077187793920353819e-14
3.060356349839203880e-14
2.964468772566918571e-14
2.929273933145457560e-14
2.922141068539832579e-14
2.921053532268018412e-14
2.884190106648486750e-14
2.872819260205934174e-14
2.841785098347600741e-14
2.788322422453816882e-14
2.768718468365931938e-14
2.710031739881285804e-14
2.698115267995338753e-14
2.654820939173092496e-14
2.653706996589551127e-14
2.636919880620244533e-14
2.575901543126956854e-14
2.540790107500428426e-14
2.532289143035088032e-14
2.492132085773186859e-14
2.479964363509784492e-14
2.421240933376830201e-14
2.419408806049944185e-14
2.373247341465564707e-14
2.362138809604429228e-14
2.335210368135140657e-14
2.331442906396565569e-14
2.312580990989835704e-14
2.301971598593499186e-14
2.259123694458726680e-14
2.257144211888036757e-14
2.249304241911902727e-14
2.208557166743317378e-14
2.192898686131203697e-14
2.155745694651976381e-14
2.125308999293172424e-14
2.120666799614424894e-14
2.115382460660999432e-14
2.098070952479092995e-14
1.950733871351845356e-14
1.949563758197929485e-14
1.938399526509220314e-14
1.927338753775680325e-14
1.906222166312752785e-14
1.902960715742893519e-14
1.883674735551770529e-14
1.846817651150915176e-14
1.840247540489282619e-14
1.829687459230312143e-14
1.825051139447138881e-14
1.778934040999560406e-14
1.769778678326651580e-14
1.763405392316855009e-14
1.749616995858747482e-14
1.735123814628680277e-14
1.710629666735287164e-14
1.693547083020693528e-14
1.686893156014957579e-14
1.684796326638351248e-14
1.636935819833308261e-14
1.616308009988197529e-14
1.570163733578064548e-14
1.561813776062554600e-14
1.545464365086141870e-14
1.541735117948015263e-14
1.521420782463636467e-14
1.514986889834094228e-14
1.476835544919668801e-14
1.448335921657008611e-14
1.415508090673260468e-14
1.404344349343374373e-14
1.385182096655878141e-14
1.382193184729768658e-14
1.370088247749002745e-14
1.349733210690449085e-14
1.332137701071606016e-14
1.319106485592963957e-14
1.316773092449830786e-14
1.305971551212608344e-14
1.304861036152328525e-14
1.295192307238975499e-14
1.295180176894741819e-14
1.281266653471649900e-14
1.271100772762100875e-14
1.189046677572121047e-14
1.174170459290494225e-14
1.138638137792196603e-14
1.132722083123644099e-14
1.132448561300273705e-14
1.122604354481457020e-14
1.110275756321970603e-14
1.094847019740107818e-14
1.081612985786391073e-14
1.062722092020772422e-14
1.057670580603292639e-14
1.048603462954876730e-14
1.048508118673988574e-14
1.041507680368866567e-14
1.036829820243470678e-14
9.794144501636294940e-15
9.775801900995323619e-15
9.628755546881444212e-15
9.450354078171279487e-15
9.400499718518533084e-15
9.201178188499743233e-15
9.092575401031673048e-15
8.983559185612890227e-15
8.736271899170175041e-15
8.403506240422347294e-15
8.334769578350545906e-15
8.287424552697255896e-15
8.279953022219754621e-15
8.268541092952613137e-15
8.134150377826198897e-15
7.927885446096190425e-15
7.904425704207649689e-15
7.804422976560225045e-15
7.676270289614259186e-15
7.598719760623177031e-15
7.513075058903381875e-15
7.222186645338178095e-15
7.141205779470891174e-15
6.989365847567927011e-15
6.920845166430352062e-15
6.844198687236023578e-15
6.798555068424767713e-15
6.738509943343452769e-15
6.640234404938987349e-15
6.638975712052252842e-15
6.614382812270826338e-15
6.166658780163478925e-15
6.056966347369955251e-15
6.004892456518233012e-15
5.764319192555379125e-15
5.729505032769701285e-15
5.693190755756735713e-15
5.644971668696477164e-15
5.562426015475648290e-15
5.553676504176234946e-15
5.532789282396623970e-15
5.431169615028404838e-15
5.232806516938096113e-15
5.145830884080275825e-15
5.107288114614593872e-15
5.102725723267922535e-15
5.096815710164015858e-15
4.990161992075980018e-15
4.900896024202395702e-15
4.819729068391702035e-15
4.778196888450915405e-15
4.699166558569520678e-15
4.623596866642752549e-15
4.277945312162256778e-15
4.258855999017937470e-15
4.127470536089102841e-15
3.962235318900858332e-15
3.954574891891415299e-15
3.940978308961988326e-15
3.834698911300399308e-15
3.791130605180986410e-15
3.731807516336159825e-15
3.572905341828394159e-15
3.548390642129287382e-15
3.482603563889329183e-15
3.467251966072765365e-15
3.369215974342053997e-15
3.280231473791153677e-15
3.240135577726947233e-15
3.201928296583001121e-15
3.151767979655289778e-15
3.101101042058679707e-15
2.949498569242847127e-15
2.900780198948388989e-15
2.886705431938489160e-15
2.715178991673713422e-15
2.704907232502248365e-15
2.691120890082675455e-15
2.685104837950632950e-15
2.619804608321580933e-15
2.559106069257791740e-15
2.543849540059343830e-15
2.531333009182760914e-15
2.403536511506612942e-15
2.357234179998364576e-15
2.324870324976655032e-15
2.291791686746014836e-15
2.081480328274562399e-15
2.003524967783019387e-15
1.991946384774510239e-15
1.952535708735885459e-15
1.947947902920933825e-15
1.903945694958534799e-15
1.866170247744092561e-15
1.785583719208770774e-15
1.696124520602078969e-15
1.691741764697818973e-15
1.670925639275125884e-15
1.667093109611375830e-15
1.659270368842980445e-15
1.609413804006406182e-15
1.602734479898167420e-15
1.520413183802531044e-15
1.508297018278867832e-15
1.476007419092088120e-15
1.399135498019565204e-15
1.305154987189899179e-15
1.218187677448147191e-15
1.189087876138604112e-15
1.177386543380586318e-15
1.168016710347507030e-15
1.151541004110454794e-15
1.146328451060615909e-15
1.072245925632077920e-15
1.045169968955142871e-15
1.028891042839152652e-15
9.795364815179334314e-16
9.522640628277560022e-16
9.425059510867384758e-16
9.369933856531374342e-16
9.220137317362616385e-16
9.088699637459712102e-16
8.947417660111588495e-16
8.846716609506951610e-16
8.623832626376061622e-16
8.398993916679966976e-16
8.216257624553817069e-16
7.686697257990496108e-16
7.527857045215242427e-16
7.070003357081848788e-16
6.648086807403906192e-16
6.112808514212291519e-16
6.006222848208844656e-16
5.585066271446693330e-16
5.221147788593854699e-16
5.115090401565981375e-16
5.067354162638658706e-16
4.660115453128272995e-16
4.652257024196831654e-16
4.523084257628859196e-16
4.475438321635189452e-16
4.201502448569860643e-16
4.176200527217907188e-16
4.076846032819361952e-16
4.054625085374042318e-16
3.723832806968649813e-16
3.627187157903845800e-16
3.567387663924554407e-16
3.544343343420338787e-16
3.362898816067253757e-16
3.248963187626385734e-16
2.734900132830944607e-16
2.723416573143093425e-16
2.720959638047793994e-16
2.699091842525777911e-16
2.615100423620067072e-16
2.209698244725537950e-16
2.110695594304355747e-16
2.040693518958995377e-16
1.980575405951356064e-16
1.979858977776926837e-16
1.736663624586552419e-16
1.734237500856968257e-16
1.613962156768542290e-16
1.520088111148126808e-16
1.449634130485350169e-16
1.389641975274907943e-16
1.358474001968422217e-16
1.333347576603055048e-16
1.332260122931308177e-16
1.307955746440608895e-16
1.218389303029365841e-16
1.115194260566194665e-16
1.100098980673475482e-16
1.011314858770994667e-16
9.652235386397458294e-17
8.684628777389214788e-17
8.664371150364647607e-17
8.551625914660603520e-17
7.828937289513302022e-17
7.737195868197974647e-17
7.199060337973348062e-17
6.954698886667110143e-17
6.746746146989876471e-17
6.163544714157099759e-17
5.939410482575137690e-17
5.932347337712264359e-17
5.617260469705196718e-17
5.327809301091903861e-17
5.194103972613790506e-17
4.890123948116132193e-17
4.694743209930234698e-17
4.422066424324412289e-17
4.403744831337692749e-17
4.064902884207351002e-17
3.989963150402387696e-17
3.952991127224783327e-17
3.807980131301528102e-17
3.770673418980940184e-17
3.429774925767919106e-17
3.405913592958648689e-17
3.197239887138266657e-17
3.126345339357084066e-17
3.008064668600696695e-17
2.736512550499328766e-17
2.623508157402603146e-17
2.460639680717313778e-17
2.383923148424618066e-17
2.273170808515878244e-17
2.208554797256387045e-17
2.166194056211509540e-17
2.164589958465702942e-17
2.017311852759786772e-17
1.921127855013834216e-17
1.749169826451980194e-17
1.732606694197714007e-17
1.649048253153105106e-17
1.584583796899790125e-17
1.523350585714431742e-17
1.503714719333266716e-17
1.500642932608170436e-17
1.440825240316613125e-17
1.432596007905332302e-17
1.402508666154148696e-17
1.299002783623244182e-17
1.279182484643915455e-17
1.177349583178933433e-17
1.163863750160088075e-17
1.124000310600253892e-17
1.114775240666741594e-17
1.095319826003996610e-17
1.050987562692670607e-17
1.027483369226865862e-17
9.656960472771678867e-18
9.587799486751979530e-18
9.122148080466261965e-18
8.756482384347171564e-18
8.637944531513077947e-18
8.557321271756502517e-18
8.088279433656570160e-18
7.875541899218329824e-18
7.450128086654991802e-18
6.959171706237551701e-18
6.828110081314797983e-18
6.817222855989765304e-18
6.626202048597666692e-18
6.213666994184237225e-18
6.175602486892659319e-18
6.029631730871420519e-18
5.980360245488013681e-18
5.951542332599161018e-18
5.473405934405844267e-18
5.424326175032378416e-18
5.420130856825532503e-18
5.145760565863387520e-18
4.963607969701191788e-18
4.817094347737962261e-18
4.627102743808302035e-18
4.596157472016755788e-18
4.260911470852496243e-18
4.058389209260558292e-18
4.057783752288018571e-18
3.939347462477637125e-18
3.917797240826685760e-18
3.756508804585885891e-18
3.748927477519443093e-18
3.715003415420096062e-18
3.374906187754851001e-18
3.368420599414850251e-18
3.352827284358036475e-18
3.225186637520505011e-18
3.131705756672695858e-18
3.104480127874751081e-18
2.888945230646087276e-18
2.888665868784245403e-18
2.868479322756539127e-18
2.843443386803631773e-18
2.755466247882977364e-18
2.725384742159805252e-18
2.654500928328222247e-18
2.566405562520242058e-18
2.502827538141881541e-18
2.444210934938231620e-18
2.317778638899335433e-18
2.301341539343019390e-18
2.230934926095294986e-18
2.148719448921164028e-18
2.137834759450860909e-18
2.025410132341273139e-18
2.022394442680445367e-18
1.987926542716819748e-18
1.949803208569451438e-18
1.856959219048067167e-18
1.829707730300899093e-18
1.762285457029123709e-18
1.740319103778726833e-18
1.739317511090974094e-18
1.735517551134158837e-18
1.717410404204053786e-18
1.714697130459474896e-18
1.690782450499680739e-18
1.671835153574972344e-18
1.611972475937673474e-18
1.607059995139168700e-18
1.550201726048731493e-18
1.498009446736949677e-18
1.456960693591230944e-18
1.449612799692903657e-18
1.437243356558450754e-18
1.394771008850412291e-18
1.352428873450008292e-18
1.335128613567102278e-18
1.326930726670443731e-18
1.288396160354292119e-18
1.255140753426827285e-18
1.239171982761771166e-18
1.233648218074856045e-18
1.171874089713659696e-18
1.117255350137130771e-18
1.112894804700072700e-18
1.088824035238306635e-18
1.046364141944264880e-18
1.028056232047437016e-18
1.005977305218669095e-18
9.702753503818748599e-19
9.673391201502401295e-19
9.669345068115792833e-19
9.299202661027444570e-19
9.265207493743802629e-19
9.187739152205733391e-19
8.599640373591900229e-19
8.056521691421517257e-19
8.045327706758066001e-19
8.032166359468256257e-19
7.891458894283220459e-19
7.758583916823613162e-19
7.660497593403301564e-19
7.511621380426689454e-19
7.247004548101652809e-19
7.104302855226248228e-19
6.999691101996410893e-19
6.974495945691996463e-19
6.622774291974805523e-19
6.474988268961143126e-19
6.280399337211165848e-19
6.228283306077432873e-19
6.045162753962859983e-19
6.012889318716957817e-19
5.999956143609002928e-19
5.826676624797742325e-19
5.823072140094084377e-19
5.466150181405526807e-19
5.449557205082462418e-19
5.448634240171650808e-19
5.174040882213190089e-19
5.114534769630359701e-19
4.853692435835195304e-19
4.671582365667940337e-19
4.639485778855134909e-19
4.504313497597827195e-19
4.465819025274085475e-19
4.435888766384801169e-19
4.053902102981994727e-19
3.957562712302109503e-19
3.857650862406026023e-19
3.805658002942735724e-19
3.594714254179936952e-19
3.533213562971266515e-19
3.311460761311309792e-19
3.307768884728135340e-19
3.262586595439565110e-19
3.249963904340995214e-19
3.205394084187595902e-19
3.132514350606801781e-19
3.025297985470988753e-19
2.867889420827579539e-19
2.730012066339478470e-19
2.676068235482494397e-19
2.650917654456191148e-19
2.595425467186335083e-19
2.556112797995511441e-19
2.493066610461625709e-19
2.365634847361603920e-19
2.352902191940860982e-19
2.349168737780236843e-19
2.275813466845124494e-19
2.062732726845831818e-19
2.059039825239058946e-19
2.004566730109968046e-19
1.958923338908322088e-19
1.844899122483191663e-19
1.807435669204279386e-19
1.781711265694204572e-19
1.740156223981462141e-19
1.654572978974433506e-19
1.614228850268255321e-19
1.586033252032727497e-19
1.558812290767905208e-19
1.454331135958558386e-19
1.434158128194745854e-19
1.390407310037551739e-19
1.376246480149266652e-19
1.368132675672423456e-19
1.271068734299035204e-19
1.256757769979580484e-19
1.239911206587516578e-19
1.139298648403914911e-19
1.088860546910279296e-19
1.075935241133654329e-19
1.067891317768949723e-19
1.013345654058111612e-19
1.005771368109925738e-19
9.253305717836724215e-20
9.101713855548446468e-20
8.366698032927158377e-20
8.068921708254024001e-20
8.046882693115929180e-20
7.754905422578628462e-20
7.620860049808179658e-20
6.491512512775127332e-20
6.390096625777262334e-20
6.311631219200209872e-20
6.287398563555437807e-20
6.022860438158501200e-20
5.451667752859866186e-20
5.314837459817944713e-20
4.279089417120489999e-20
4.249190607090103339e-20
4.243183828330305413e-20
4.097803427115262530e-20
3.904078378793887885e-20
3.520518235274095138e-20
3.355396595007930414e-20
2.916433786755458779e-20
2.889504830042677061e-20
2.796188104819223261e-20
2.420295733289879335e-20
2.118324692647958355e-20
2.091289414837202058e-20
2.022045821406911716e-20
1.923889322522330665e-20
1.800492303876536554e-20
1.764086505717064513e-20
1.628509667545125178e-20
1.488855266016122892e-20
1.477083096503277929e-20
1.465878309070046668e-20
1.210407918081787626e-20
1.179673941967887908e-20
9.550983311256949262e-21
7.842259557412302315e-21
6.727161632880486432e-21
6.725144903795326713e-21
3.905836968846579677e-21
3.377588500430349177e-21
2.348898896210941955e-21
2.125483867445423067e-21
1.775809998825758289e-21
1.178967671664046288e-21
2.301748778401232983e-22
-2.518533339172618544e-21
-5.180113437300964113e-21
-5.821184077021762710e-21
-7.728945828008918620e-21
-8.319937003946775424e-21
-8.714182640051716430e-21
-1.092144935326470388e-20
-1.177549184079391402e-20
-1.307610999167506377e-20
-1.435602455614151916e-20
-1.446168714229467023e-20
-1.589529399191411060e-20
-1.614456769633079881e-20
-1.871400746085120070e-20
-1.949288675273945594e-20
-2.036546237883107880e-20
-2.127693061542373807e-20
-2.377851925718229761e-20
-2.639357058473761042e-20
-3.125904033627851110e-20
-3.235925790956095597e-20
-3.238566439111796917e-20
-3.452099338653822766e-20
-3.457874015578995535e-20
-3.773871115342296307e-20
-4.044226070329521433e-20
-4.316022192163687068e-20
-4.448787230951102175e-20
-4.609130961460974005e-20
-5.061130235037862668e-20
-5.234079882189528833e-20
-5.267623548350552656e-20
-5.344619683111111105e-20
-5.439080237891534016e-20
-5.513322231449075874e-20
-5.706379417751786531e-20
-6.156118591996129604e-20
-6.471060773511283205e-20
-6.816991932128434917e-20
-6.823492064289516239e-20
-6.931293427495648983e-20
-7.172412824588017895e-20
-7.777270652831967188e-20
-7.855352954893607984e-20
-8.109919144369666195e-20
-8.115183919105261495e-20
-8.144093102703635469e-20
-9.278378346070929360e-20
-9.420481797034699910e-20
-9.699926579553198819e-20
-9.833605657474910790e-20
-1.098115253890257997e-19
-1.101742659860895435e-19
-1.119236175438153573e-19
-1.130403595871193094e-19
-1.235636930762205320e-19
-1.238464853125916415e-19
-1.290743085951697176e-19
-1.322114849615975857e-19
-1.373271191277319708e-19
-1.468940711636040075e-19
-1.520366501519273013e-19
-1.556859672588275852e-19
-1.562674378796962665e-19
-1.607973507734279152e-19
-1.612816952100107984e-19
-1.652638304195296912e-19
-1.743688551037670839e-19
-1.776661776260367170e-19
-1.856871766404052148e-19
-1.927910415969093845e-19
-1.932737086102568147e-19
-1.951494423263996160e-19
-2.102992057269687458e-19
-2.160002031641638754e-19
-2.243527992166853443e-19
-2.353691348200464030e-19
-2.357957085079872258e-19
-2.360180778435932238e-19
-2.475420227670770605e-19
-2.595511589179146408e-19
-2.702632986880298613e-19
-2.799481107527033782e-19
-2.811084734447498190e-19
-2.854609346642940644e-19
-3.082444987529001902e-19
-3.130958357401948255e-19
-3.151501490392405147e-19
-3.160040129565770531e-19
-3.166702994184220861e-19
-3.329660535488716091e-19
-3.367715479981187685e-19
-3.623203098503684086e-19
-3.641496612208416802e-19
-3.694564362807643115e-19
-3.735526776859801045e-19
-3.902312303292657880e-19
-3.983608680902472683e-19
-4.055909639321155213e-19
-4.221374619233850289e-19
-4.239803969732793482e-19
-4.322506531489690700e-19
-4.413659404391622519e-19
-4.580804593088689141e-19
-4.772595987692667438e-19
-4.874629938346847161e-19
-5.037704099220992896e-19
-5.159889342008471431e-19
-5.181037806704168962e-19
-5.379520777407038552e-19
-5.681072190892867211e-19
-5.924172323651066941e-19
-5.961803141696528354e-19
-5.998524501637309576e-19
-6.163503098979981944e-19
-6.181580389380891600e-19
-6.266146851776615338e-19
-6.298928410858032273e-19
-6.301030359878442234e-19
-6.406507560459450093e-19
-6.980229009274766060e-19
-7.045559591638088515e-19
-7.071161055573397976e-19
-7.340048376999457825e-19
-7.368005592333550287e-19
-7.740371155196195381e-19
-8.202534745173461112e-19
-8.410803565696995223e-19
-8.413385936890832090e-19
-8.428543207844355348e-19
-8.750701301921480618e-19
-8.810153508156597100e-19
-9.163043225000647935e-19
-9.374836548912482924e-19
-9.627541764266709935e-19
-9.762682146853308413e-19
-9.921470460836502404e-19
-1.010945189937256007e-18
-1.023970463472735500e-18
-1.035653251353466052e-18
-1.078824636436503950e-18
-1.087154728246917891e-18
-1.127977781202811443e-18
-1.140007404937853140e-18
-1.153134551588262210e-18
-1.187207287463629981e-18
-1.230163118451551519e-18
-1.242401005006584047e-18
-1.284184096350208115e-18
-1.298525733427479150e-18
-1.319583401158522000e-18
-1.371662725066870373e-18
-1.374918935332257031e-18
-1.499372879338078085e-18
-1.503725356394521103e-18
-1.623574754339449858e-18
-1.624594351035699018e-18
-1.666829792980327585e-18
-1.671029557288652278e-18
-1.679944298815595642e-18
-1.685268030473905561e-18
-1.697328084069119695e-18
-1.704358349575868966e-18
-1.714863149350567584e-18
-1.745712197873191187e-18
-1.821307585817045822e-18
-1.823320995080070123e-18
-1.900929501072716282e-18
-1.912279029416973359e-18
-2.044331549192410794e-18
-2.045658322819600506e-18
-2.071049408078238880e-18
-2.086238923760538536e-18
-2.203111772054032461e-18
-2.334745461452199123e-18
-2.384578909085598225e-18
-2.398889547190264982e-18
-2.441588364079966301e-18
-2.448704220686591053e-18
-2.487930809839277850e-18
-2.673046212833667884e-18
-2.687909815202929133e-18
-2.701502084302413367e-18
-2.711638943327048997e-18
-2.817966218969701638e-18
-2.869237221379000873e-18
-2.904769856174366452e-18
-3.033197073937602356e-18
-3.083625743799948920e-18
-3.175796224911756083e-18
-3.204423522377790397e-18
-3.373069474708973824e-18
-3.411538318863249219e-18
-3.571288628081101170e-18
-3.656493943514766200e-18
-3.713928357991425248e-18
-3.737271041550754144e-18
-3.844221254903416052e-18
-4.044272223279538744e-18
-4.240725547366839481e-18
-4.242005551945428893e-18
-4.514780335809947394e-18
-4.544776893575543664e-18
-4.866208567935575692e-18
-4.896670837709879096e-18
-4.928004007441523542e-18
-5.043747900235368298e-18
-5.125798053696198274e-18
-5.318052028123048208e-18
-5.613670464877148582e-18
-5.643719506009171805e-18
-5.990836778185347540e-18
-6.245863077473288771e-18
-6.407129181687581834e-18
-6.485604590847467196e-18
-6.592946963813122915e-18
-6.680978034326587488e-18
-7.128086651262278487e-18
-7.156571170175574736e-18
-7.361236077172889479e-18
-7.406744699281111153e-18
-7.869690019799754745e-18
-8.198870126405135855e-18
-8.575068706358639470e-18
-8.643509703315655109e-18
-9.313430663347991488e-18
-9.662568888555485438e-18
-1.015681985651109090e-17
-1.037865545288751753e-17
-1.041052511634347459e-17
-1.074413909813655450e-17
-1.129934290117604197e-17
-1.186144440671368636e-17
-1.253317522122179549e-17
-1.261134943146268119e-17
-1.324508842723262198e-17
-1.335505901545630954e-17
-1.376778854777211012e-17
-1.469556953556816597e-17
-1.481142166174703767e-17
-1.638812113976859141e-17
-1.705678918239162163e-17
-1.710470855959137329e-17
-1.763092626144051903e-17
-1.805806654334197452e-17
-1.935240987123316525e-17
-2.067172206825350199e-17
-2.138516898283366925e-17
-2.409740943844493717e-17
-2.491727742279217727e-17
-2.624862611790456252e-17
-2.629297360765172169e-17
-2.632194165528878441e-17
-2.741700242493595377e-17
-2.992793256675813947e-17
-3.012427235056430798e-17
-3.356248178591096138e-17
-3.401381392785204435e-17
-3.525795284620615054e-17
-3.631684494322853294e-17
-3.645463887863916196e-17
-3.672377712541883432e-17
-3.918969728726054652e-17
-4.105116067898547127e-17
-4.318678410448076632e-17
-4.482779402548451617e-17
-4.652814516126056952e-17
-4.711254457713360223e-17
-4.795623359032384841e-17
-5.148692993282984117e-17
-5.383461895394644526e-17
-5.466966284742586917e-17
-6.722956138280392233e-17
-7.561862181995502227e-17
-7.623429373260115427e-17
-8.182415354278625300e-17
-8.389159222712496664e-17
-8.608046637778034306e-17
-8.686975480532072903e-17
-8.722870793755564216e-17
-9.049155280546714100e-17
-1.033679453476052141e-16
-1.095502110173434464e-16
-1.095724847831339723e-16
-1.129461851079485771e-16
-1.226925708481854970e-16
-1.276503774724306619e-16
-1.291453405496428925e-16
-1.346048770941208756e-16
-1.490368792198248445e-16
-1.551756873114625903e-16
-1.636907665755846765e-16
-1.892115025027469592e-16
-1.954515649083506726e-16
-2.085425527455145826e-16
-2.239205246857990208e-16
-2.310671400732758083e-16
-2.393523172248514901e-16
-2.447013870028982248e-16
-2.453532167401037456e-16
-2.465082788168080882e-16
-2.498065235630106250e-16
-2.610589992581694324e-16
-2.621235918697765098e-16
-2.669147724147379027e-16
-3.094182081780078872e-16
-3.096821357362345105e-16
-3.220040880599057715e-16
-3.416284901521615729e-16
-3.579740524180838326e-16
-3.831414601770288507e-16
-3.869825338402539374e-16
-4.274352384939148641e-16
-4.363186211170917875e-16
-4.385117689697706106e-16
-4.589630257343083286e-16
-4.765582254524312744e-16
-4.823111981618272053e-16
-4.870171504095308220e-16
-5.176648046697898628e-16
-5.263262202321468800e-16
-5.327067851146196351e-16
-5.595866035992656489e-16
-5.758745451674791123e-16
-6.199500392395314202e-16
-6.448843394661819141e-16
-6.566702621016040730e-16
-6.615562915048088003e-16
-6.917066666384259010e-16
-7.555370870709082596e-16
-7.678795471297207689e-16
-7.739497571880262472e-16
-8.025852899763580869e-16
-8.268905611758132620e-16
-8.351706794205621373e-16
-8.392464233732000293e-16
-9.287987658944931778e-16
-9.910335042450362635e-16
-1.063419345487670608e-15
-1.082625347711418324e-15
-1.088520822555746074e-15
-1.092701052339703853e-15
-1.135635669931348828e-15
-1.154832944479062029e-15
-1.180251746923957477e-15
-1.195029215856272972e-15
-1.207951927503210944e-15
-1.254610205845082283e-15
-1.293516140387409855e-15
-1.326189608421276959e-15
-1.340534834182925316e-15
-1.364374879254409328e-15
-1.427796735700054933e-15
-1.433697278018241287e-15
-1.477619304043315114e-15
-1.499108830879590984e-15
-1.511191442628725874e-15
-1.534726143013606329e-15
-1.557804316117865407e-15
-1.578634845292410909e-15
-1.596875737033896411e-15
-1.707650787673050747e-15
-1.766586504444133517e-15
-1.830961166326573607e-15
-1.858110527674256255e-15
-1.927690548900307656e-15
-1.975966688794424745e-15
-2.004560901631257276e-15
-2.008858388517040462e-15
-2.079624806913962708e-15
-2.098111089676453324e-15
-2.159917107124717893e-15
-2.172447654382368511e-15
-2.211366222314049479e-15
-2.228633208552229910e-15
-2.298530673681633740e-15
-2.308022973712084622e-15
-2.339987101839486878e-15
-2.353979928867888809e-15
-2.359430580901430623e-15
-2.404007808451348689e-15
-2.547777318909262385e-15
-2.562503235340170959e-15
-2.636793337388519940e-15
-2.699852416634703836e-15
-2.759740698218298900e-15
-2.803724209449712485e-15
-2.833700817042531403e-15
-2.872664507681833227e-15
-2.915770003605936097e-15
-2.986805382528672487e-15
-2.992035122622004135e-15
-3.070365985234384545e-15
-3.106809688711566250e-15
-3.115149591819570608e-15
-3.329195734835927305e-15
-3.406635948587377718e-15
-3.450011939696310119e-15
-3.547258688989937979e-15
-3.664751745930791894e-15
-3.703521612545398928e-15
-3.868222360340639547e-15
-3.868688771871759045e-15
-3.873590958500932082e-15
-3.939941343377701667e-15
-3.955343990682897329e-15
-3.958870280780266585e-15
-4.092100204516985532e-15
-4.246656976852692706e-15
-4.315312770182516972e-15
-4.336577291357096001e-15
-4.548127465658055611e-15
-4.780914889451260194e-15
-4.804904233761410741e-15
-4.906998057997572651e-15
-4.942317564532282650e-15
-4.994764085766052556e-15
-5.013973651911418489e-15
-5.040708816773252065e-15
-5.088260381374161286e-15
-5.143811405174107914e-15
-5.278425543730647149e-15
-5.297350987288075085e-15
-5.311045644062694587e-15
-5.333488836260498780e-15
-5.646719014508465266e-15
-5.789544691587045105e-15
-6.028528531775200944e-15
-6.036756538055112086e-15
-6.051207317684469660e-15
-6.165349870052084454e-15
-6.320528572617750149e-15
-6.338191678817722570e-15
-6.581033634226295978e-15
-6.783442988767557769e-15
-6.857256482744683320e-15
-6.920783255900060142e-15
-7.024363461698459916e-15
-7.190628506115676638e-15
-7.221896312957818919e-15
-7.294073798882676269e-15
-7.535807419517688220e-15
-7.643710918229943197e-15
-7.656361304483226878e-15
-7.752313643835235117e-15
-7.815727173383748854e-15
-7.960262107215343205e-15
-8.329653582220406907e-15
-8.341020585204116863e-15
-8.358339975417443158e-15
-8.377485136038453799e-15
-8.450805867384411473e-15
-8.741476959334147710e-15
-8.866833968099034379e-15
-8.945819829318497459e-15
-8.958438600271283680e-15
-8.999459268116377492e-15
-9.070123504420056395e-15
-9.359885940572131496e-15
-9.545248067922285326e-15
-9.588198178761986361e-15
-9.845969977754537540e-15
-9.993782681366860048e-15
-1.001027732067489448e-14
-1.008989823182538514e-14
-1.015896743897815924e-14
-1.036912818821109388e-14
-1.043803215682865308e-14
-1.051643220514114928e-14
-1.057709048892941870e-14
-1.095481832582939997e-14
-1.110056114812965148e-14
-1.119688736573268462e-14
-1.152072029394910940e-14
-1.177392594797474156e-14
-1.192728655007716521e-14
-1.233225070585013236e-14
-1.234616505625062469e-14
-1.235976421571859818e-14
-1.253789614522182963e-14
-1.279093273755558596e-14
-1.308323858777283605e-14
-1.315228102307858867e-14
-1.332812622980086132e-14
-1.365182508129037302e-14
-1.366734671188173590e-14
-1.380780939439559602e-14
-1.382992762945129351e-14
-1.385640132068658968e-14
-1.395092909874771629e-14
-1.413120296323623718e-14
-1.428472264501276164e-14
-1.440487257339959809e-14
-1.479201115944627025e-14
-1.514777518505880748e-14
-1.515544006620223505e-14
-1.531532333988893858e-14
-1.555023900401664170e-14
-1.559058932669504131e-14
-1.574806967850928598e-14
-1.576813141231286350e-14
-1.616734893995199594e-14
-1.622423366230541828e-14
-1.661271331966631372e-14
-1.677524502492651829e-14
-1.683286033906303705e-14
-1.686631463487456173e-14
-1.717040966276523490e-14
-1.719039679024890457e-14
-1.732982726453440396e-14
-1.738583651589479699e-14
-1.791327957578889555e-14
-1.816228678388372644e-14
-1.843093886426363057e-14
-1.847015618162119066e-14
-1.850178410424458355e-14
-1.900788928951016377e-14
-1.931253753230700567e-14
-1.931859362405251805e-14
-1.942507981316300380e-14
-1.946622775325616892e-14
-2.004661201259947003e-14
-2.033546059979211464e-14
-2.041456315857486635e-14
-2.051930174850466212e-14
-2.053499252777792473e-14
-2.092328874847557389e-14
-2.117934892523490453e-14
-2.125564484881240059e-14
-2.175219961503362875e-14
-2.210127197376368845e-14
-2.223747783659713942e-14
-2.250155686069165048e-14
-2.272593332552908967e-14
-2.317968968133705399e-14
-2.318665255566905910e-14
-2.321239796196296385e-14
-2.348640812141921057e-14
-2.354143600951018534e-14
-2.369325815681498504e-14
-2.449626751609712607e-14
-2.461503639426643665e-14
-2.469770249307074532e-14
-2.528618370214570910e-14
-2.532096066991362786e-14
-2.532214952191262243e-14
-2.547241947210735273e-14
-2.581962491970250040e-14
-2.598707386011405800e-14
-2.600553966790490317e-14
-2.609914671393082870e-14
-2.620359094206905130e-14
-2.626111492827155484e-14
-2.672031734132640490e-14
-2.766404858092496682e-14
-2.799689532693459644e-14
-2.804414486795732641e-14
-2.831078940628190250e-14
-2.845443360703076830e-14
-2.862422041584784270e-14
-2.922558153209656905e-14
-2.933341141869328115e-14
-2.934087869680169348e-14
-2.934770952513752750e-14
-2.935361014078439842e-14
-3.007995356758811474e-14
-3.016645643437528898e-14
-3.036578267032779821e-14
-3.064164650154812324e-14
-3.196534658991881208e-14
-3.216711350323843411e-14
-3.248740716515842655e-14
-3.306461831024246109e-14
-3.335445975981898136e-14
-3.347837694014753440e-14
-3.375600977680234450e-14
-3.439771189177262473e-14
-3.442057658533187963e-14
-3.506300642874582557e-14
-3.548434237629486057e-14
-3.575576817442226622e-14
-3.580765937789349158e-14
-3.615618735484996181e-14
-3.737550695996920478e-14
-3.750168414978183190e-14
-3.790229812472302161e-14
-3.808822462594659703e-14
-3.868477342095748885e-14
-3.889877704011960030e-14
-3.958817983395647776e-14
-3.979657388374695974e-14
-4.042569236697013864e-14
-4.092139234221853176e-14
-4.102841112329674934e-14
-4.174640216609472959e-14
-4.198956414034812661e-14
-4.219740547382826104e-14
-4.240823058243448701e-14
-4.285613804850394680e-14
-4.300578754445169580e-14
-4.407649737969213866e-14
-4.452922770652035585e-14
-4.470704258852263110e-14
-4.510035280310766821e-14
-4.559453221997911033e-14
-4.585933129576790976e-14
-4.704289718469050993e-14
-4.708165483261901828e-14
-4.716663350777178149e-14
-4.723447676918420867e-14
-4.765762721507120674e-14
-4.820105861412017889e-14
-4.866826291448160201e-14
-4.896931380121327030e-14
-4.918223233176849879e-14
-5.028854832209211175e-14
-5.176012090167362094e-14
-5.240974050645511649e-14
-5.340579149831239947e-14
-5.384120640726988784e-14
-5.446742458832354301e-14
-5.454524743814915153e-14
-5.518529697975037972e-14
-5.575885511907694271e-14
-5.581318127329629714e-14
-5.625928526728152457e-14
-5.731800353306758373e-14
-5.763403313954593727e-14
-5.885189329461862410e-14
-5.929242882714463785e-14
-5.999565935166323794e-14
-6.144245939368848819e-14
-6.159277694230728671e-14
-6.177192099435761198e-14
-6.252103451148360101e-14
-6.393146886505975631e-14
-6.415027385163414382e-14
-6.590280631349721284e-14
-6.657988445850864017e-14
-6.693887748002088593e-14
-6.841325253878595594e-14
-6.926814595740465118e-14
-7.042512456302896395e-14
-7.124253744644353445e-14
-7.128082608409859604e-14
-7.128227450947985285e-14
-7.243976493055651439e-14
-7.430151225808830472e-14
-7.584233844571668920e-14
-7.775693374834098729e-14
-7.827338957667496007e-14
-8.138307963555243727e-14
-8.215581806809180606e-14
-8.344237709042919888e-14
-8.346987761896660782e-14
-8.475137808505740281e-14
-8.556320491603469359e-14
-8.561880151813507616e-14
-8.766015264951505078e-14
-9.074548448519210292e-14
-9.243606317206027325e-14
-9.281027540104286654e-14
-9.364428752284661744e-14
-9.457108655020262643e-14
-9.706019369830048286e-14
-1.002632976592535574e-13
-1.016008752354977792e-13
-1.019780999502898853e-13
-1.021339006876565333e-13
-1.037152917341187241e-13
-1.066397834602635537e-13
-1.128412425058327135e-13
-1.138109650798690929e-13
-1.144285149284941075e-13
-1.148624072671807054e-13
-1.176566549244678716e-13
-1.184907372941558012e-13
-1.207301048422978007e-13
-1.242556388516200110e-13
-1.276081271954015416e-13
-1.321873184798917868e-13
-1.322427309943966836e-13
-1.373925493097699734e-13
-1.411462479098657409e-13
-1.433165594930048291e-13
-1.458855664595707748e-13
-1.505507884761368627e-13
-1.553080294313716014e-13
-1.606993007528187331e-13
-1.616553264323996893e-13
-1.633297167617865652e-13
-1.732380748816510242e-13
-1.747973179709132854e-13
-1.818765482779933905e-13
-1.881836168292383325e-13
-2.069703622369933530e-13
-2.093555967931142299e-13
-2.175264102749594861e-13
-2.231338890688228302e-13
-3.119267646349473689e-13
-7.035055057998447454e-13
-7.788118835640663050e-13
