3.801282419185550321e+00
5.840365902862571623e+00
7.526888039965572652e+00
8.599404146470895682e+00
8.783750829956572304e+00
8.933685600228779222e+00
9.030478108438773077e+00
9.059368192235185191e+00
9.013344002273910860e+00
8.891535095907558528e+00
8.704973743219769133e+00
8.485094619017411688e+00
8.281181605785969069e+00
8.165880535907648508e+00
8.226057470963464624e+00
8.546209340372364238e+00
9.202790087389439933e+00
1.024696199235652472e+01
1.169245707887064967e+01
1.351479031124010710e+01
1.564065383484098071e+01
1.794999234294906287e+01
2.029354477558350212e+01
2.250618292795445541e+01
2.442978885334533246e+01
2.594176532989271067e+01
2.696420823977593884e+01
2.747476244628374786e+01
2.750394434793632570e+01
2.711277337833286794e+01
2.638115636358843119e+01
2.538852145548217365e+01
2.420896080378679116e+01
2.290771379753470427e+01
2.154133558899950529e+01
2.016717013958473714e+01
1.881390779996607776e+01
1.751400090406664134e+01
1.628604342297764873e+01
1.512410579671147026e+01
1.404901773158264255e+01
1.305727762768325562e+01
1.214644629051341518e+01
1.131964483835987778e+01
1.056357369995651574e+01
9.873909865788419893e+00
9.246353397208112668e+00
8.679105000835122041e+00
8.170807835564811938e+00
7.716742288291188245e+00
7.311039023374759971e+00
6.944844505565634485e+00
6.606933850530570140e+00
6.290358750903143559e+00
5.989365305890930635e+00
5.699454113801788679e+00
5.419420751011679194e+00
5.148988498289171822e+00
4.887748980441041446e+00
4.637865055615217891e+00
4.401698813535137589e+00
4.179747077857492776e+00
3.973716509924499096e+00
3.783989391762287990e+00
3.608256968611226689e+00
3.443862326881947045e+00
3.286851254716440351e+00
3.132923875856003626e+00
2.980584319053332987e+00
2.829301147364676527e+00
2.679845994296059519e+00
2.533777137112330546e+00
2.392407844307418596e+00
2.257512240821846650e+00
2.131070099555796293e+00
2.014953647912355983e+00
1.909723478822000109e+00
1.815192359247225218e+00
1.729447177248892631e+00
1.649180650640613921e+00
1.571871875512101724e+00
1.495100893110375084e+00
1.417956797213863807e+00
1.341303555367920008e+00
1.265938430883350341e+00
1.192749685504023160e+00
1.123101313450233674e+00
1.058241349158469902e+00
9.997529517005950828e-01
9.489110510897285078e-01
9.050499383366836792e-01
8.663087449058520795e-01
8.303980788265973301e-01
7.952322870179864278e-01
8.241289197292218649e-01
6.782050197924697210e-01
1.126352757776020730e-01
1.306551025292478595e-02
2.633626558592751521e-01
1.357220228104016879e+00
1.131088578415581747e+00
6.662454171498389810e-01
2.992997299839971204e-01
9.235220667527851979e-02
1.107071235677002663e-01
1.166389291144339924e-01
1.091143910328563338e-01
8.220200651227992095e-02
2.673595919617496874e-02
-6.300725408876667322e-02
-1.859703432895864761e-01
-3.264777883239581846e-01
-4.640621423947338675e-01
-5.790533922689147239e-01
-6.456646083261174951e-01
-6.505257757412148401e-01
-5.925096959020735854e-01
-4.608035829552491469e-01
-2.535973206042750339e-01
4.573239817459756780e-03
2.773021113613582389e-01
5.252183267856872506e-01
7.182304730134815296e-01
8.384334709444494216e-01
8.666244541677982083e-01
8.031634470171979956e-01
6.839199191780949150e-01
5.498273969273008710e-01
4.209211682353708461e-01
2.983654291469894915e-01
1.849635372730021876e-01
8.935066598787060055e-02
1.470085226598398694e-02
-5.035917069197744927e-02
-1.063913105482984789e-01
-1.220416008194341040e-01
-1.175699343411203829e-01
-1.370980409312116954e-01
-1.515187956849835260e-01
-1.443662200972860854e-01
-1.344918678774424947e-01
-1.227543945896491656e-01
-1.121176680839668233e-01
-1.058307981710879808e-01
-1.014518381709462458e-01
-9.701040564235760555e-02
-9.126353595584767164e-02
-8.187189476513206943e-02
-6.470220534058078454e-02
-4.544128680197790510e-02
-3.366315861404928916e-02
-2.671567986417793666e-02
-2.042672379715801401e-02
-1.690749730639079518e-02
-1.583138659418464878e-02
-1.686671563132288026e-02
-2.082202487096602300e-02
-2.370846295428882117e-02
-2.417410234661731064e-02
-2.592605563848504255e-02
-2.701507011024180741e-02
-2.394533799294845666e-02
-1.843036299334286851e-02
-1.180714667780764955e-02
-5.363472808670057337e-03
-2.016436326442305835e-03
-2.313276335837113288e-03
-4.616372952585072117e-03
-6.907279542935017801e-03
-8.603851063958910250e-03
-1.116193041099179488e-02
-1.472790338656068503e-02
-1.745011335978128089e-02
-1.837947286808784900e-02
-1.744644032191594932e-02
-1.409410349097343744e-02
-9.325006485116556568e-03
-4.755750067060568465e-03
-7.840159260995844918e-04
8.164073111123664513e-04
-9.551426611879863847e-04
-3.647275355009815551e-03
-5.162572540446015885e-03
-5.802671211849534140e-03
-7.303115558603065494e-03
-1.072869798973324733e-02
-1.342380230946249239e-02
-1.204141071671044338e-02
-7.811496444005151460e-03
-3.852341340834406283e-03
-1.163677973707292427e-03
3.788625849794472530e-04
8.691049137023867466e-04
5.581700985573932348e-04
2.400891657390142597e-01
-1.709262551967342669e-01
-2.146429197250234289e+00
-2.382564501607966179e+00
3.501080674313891139e-01
1.721151569454694608e+00
3.948377770397631270e+00
5.885225963681238959e+00
6.026107514942316890e+00
6.165951992462795239e+00
6.284740476526322617e+00
6.369458965772105685e+00
6.411083189545709438e+00
6.402436643076644174e+00
6.343648071771512242e+00
6.239600497489958819e+00
6.102208507317023134e+00
5.959028948965915617e+00
5.852035090397896155e+00
5.840464325282202829e+00
5.989263235534662222e+00
6.354479432288942853e+00
6.983552409474365064e+00
7.897955679711278876e+00
9.085075151948023731e+00
1.051253632665258664e+01
1.211673790355543723e+01
1.379423336129091737e+01
1.542425692173674179e+01
1.688770796608145019e+01
1.808369193471647662e+01
1.894412457246879811e+01
1.942964673200096115e+01
1.954239962937339925e+01
1.933315618283040749e+01
1.886839056556439331e+01
1.820707569610189580e+01
1.739684258969288067e+01
1.648533368307007407e+01
1.552121327753608959e+01
1.454022200621046323e+01
1.356885200071493536e+01
1.262452316602550972e+01
1.174132229162840524e+01
1.092123195923687717e+01
1.013303758947619215e+01
9.404461003728577850e+00
8.749875037088648000e+00
8.151439697634977222e+00
7.605309004321346933e+00
7.106219340524162043e+00
6.650980628326050415e+00
6.237464389290119371e+00
5.864806434831346671e+00
5.531487018095619490e+00
5.234440588360292246e+00
4.970859455615315170e+00
4.731846066122329830e+00
4.505254833289456862e+00
4.289103884407912126e+00
4.083890223428781496e+00
3.885640530399723236e+00
3.692966139137819237e+00
3.506660304692158281e+00
3.326665255491733753e+00
3.156043262398754656e+00
2.996879697872184334e+00
2.846915941956902341e+00
2.707363632817641363e+00
2.580352739760394254e+00
2.462993506945783118e+00
2.351964592566011092e+00
2.244687594735542469e+00
2.137794785641572215e+00
2.030503148809976288e+00
1.923990322920690277e+00
1.820004119100638196e+00
1.719646408431344975e+00
1.622819469057280362e+00
1.530582271816447903e+00
1.445178603098899117e+00
1.367918826186932391e+00
1.298432369391944396e+00
1.236236997666251947e+00
1.179531712119529230e+00
1.125436249118213494e+00
1.072477769321381169e+00
1.018887461583474430e+00
9.638728549738193596e-01
9.095089504437838812e-01
8.576611950926760208e-01
8.084405360559387965e-01
7.614976413717148285e-01
7.171601725313803133e-01
6.777631888810772276e-01
6.454714396338843141e-01
6.184930543163448258e-01
5.934655165187040504e-01
5.688418379237958344e-01
5.441620748756451631e-01
5.190226963507514890e-01
4.933500506849208267e-01
4.674490229634452598e-01
4.417865295543544901e-01
-8.077171396912949386e-02
7.443361326456716665e-01
4.783420602103748975e-01
2.127344346805399699e-03
9.672933466693249896e-03
1.586520044578255961e-02
1.832640415220308794e-02
2.218946496432310303e-02
2.120677045264436622e-02
1.785389746636382655e-02
1.341543277397054361e-02
-1.260560031734359043e-03
-1.853503813393771876e-02
-4.512885357300506356e-02
-7.342300937977111475e-02
-9.575404923530296541e-02
-1.149569763285209906e-01
-1.240436452230825048e-01
-1.141582520206724516e-01
-9.985996533734910197e-02
-7.070924623434168832e-02
-2.433772011577913646e-02
2.803747838204518131e-02
7.762723101488448740e-02
1.209881576786334817e-01
1.468562489221054146e-01
1.613777682135336677e-01
1.605804700773265370e-01
1.346345235365060677e-01
1.073680372933888544e-01
8.107663227647270154e-02
6.131156446778282532e-02
4.193133857261466951e-02
1.921382404317838882e-02
6.260957600368135569e-03
-6.090293538837945712e-03
-1.394469138906597599e-02
-2.111879130215026448e-02
-3.890771741327594263e-02
-7.726287192939707699e-04
-3.499836376010350553e-02
-2.867097786594532613e-02
-2.438349811463135300e-02
-2.242670986539255229e-02
-1.991554393879434864e-02
-1.910949520743313729e-02
-1.766817868012289863e-02
-1.775871498545400148e-02
-1.672416474148573362e-02
-1.549211466709159504e-02
-1.354455058808599552e-02
-1.130671760687638507e-02
-3.787344092438310258e-03
-5.043231866789333467e-03
-4.486292423131468463e-03
-3.119183438680989302e-03
-1.965233754973263417e-03
-3.382504564212776912e-03
-2.431814111863763936e-03
-4.068151660604244803e-03
-5.468689802049149853e-03
-3.553141268934507154e-03
-4.550442785798353498e-03
-5.466310786926165122e-03
-4.087099357764432950e-03
-2.179687011486249916e-03
-2.033401311103633959e-03
4.117950954193304878e-04
-2.329037214567093316e-04
-1.445443099065452813e-04
-1.323287836907020062e-03
-1.587825127692013170e-03
-1.635214671671086223e-03
-1.966372443455042737e-03
-3.096383815316682518e-03
-3.516707482174133512e-03
-3.352239745353892235e-03
-2.867519279689786753e-03
-2.606121010162634061e-03
-5.765790190139407278e-04
-7.662572033733068078e-04
4.496387201463529579e-04
5.269121203525429674e-04
-2.615926476057233861e-04
-1.316387415709325496e-03
-1.000394188527101852e-03
-1.177173979509370206e-03
-1.097793449429223991e-03
-2.116499586811408911e-03
-3.154060352085179784e-03
-2.197714520182979074e-03
-6.360228360023850247e-04
-1.440087829575098554e-04
3.129697138016272127e-05
2.077215827129101904e-04
2.191922171342755099e-04
6.779459773778191418e-05
-1.402635878399252644e-04
-3.722765772222983859e-04
-6.366270303566824067e-04
-1.858234226007660750e+00
1.308601901199459183e+00
7.610279835982214358e+00
1.101405374138139237e+01
1.384892792919840687e+01
1.567008214533900734e+01
1.601665840715565636e+01
1.630557997534972614e+01
1.653177283942238063e+01
1.669223433017481639e+01
1.678843067424235258e+01
1.682763497085245419e+01
1.682590183749582380e+01
1.681129681882186233e+01
1.682694793928204291e+01
1.693409991747201104e+01
1.721088173708049496e+01
1.774564750669433622e+01
1.862582643213341171e+01
1.992253173968384772e+01
2.167544197432696507e+01
2.388181224004122782e+01
2.649106475457103116e+01
2.940982083618156651e+01
3.251405408238660755e+01
3.566757908481067574e+01
3.874006243586000409e+01
4.161631284362927374e+01
4.420313203215162190e+01
4.642822651018944669e+01
4.823820452925705382e+01
4.960126406822788425e+01
5.050510422970291557e+01
5.095421068434354339e+01
5.096998180994014405e+01
5.058620441640654519e+01
4.984559913216742189e+01
4.879969961962788716e+01
4.750210722702798449e+01
4.600552486648601302e+01
4.435799929852177570e+01
4.260282738970994387e+01
4.077933179755297743e+01
3.892259684490953475e+01
3.706706050338089398e+01
3.524118039370683420e+01
3.346672677273157603e+01
3.175792730639519590e+01
3.011991368346033582e+01
2.855269989591938540e+01
2.705383770208204552e+01
2.562120566114799303e+01
2.425443265355232469e+01
2.295472708239099191e+01
2.172367166046218045e+01
2.056190803157480218e+01
1.946847046642940171e+01
1.844101512027530632e+01
1.747665954374634367e+01
1.657287457710926049e+01
1.572794908691068905e+01
1.494086497495443311e+01
1.421075354350292130e+01
1.353626591353470410e+01
1.291512992793521519e+01
1.234397994076902627e+01
1.181838778328358863e+01
1.133298892499243671e+01
1.088166865792428517e+01
1.045785276873529490e+01
1.005495196431082228e+01
9.666932951975702792e+00
9.288895171738598577e+00
8.917493532275257095e+00
8.551089860294743161e+00
8.189608430288872754e+00
7.834159708008932022e+00
7.486543293362426965e+00
7.148741043072691426e+00
6.822483755594473287e+00
6.508943238410011212e+00
6.208578422280783826e+00
5.921146706117554892e+00
5.645869773478549014e+00
5.381711800557066994e+00
5.127695420284895000e+00
4.883164608403381735e+00
4.647917859602838320e+00
4.422178307121089169e+00
4.206422519524919856e+00
4.001133822284686836e+00
3.806563469386433418e+00
3.622571450392866321e+00
3.448587053097509347e+00
3.283690972972873823e+00
3.126787391636100200e+00
3.083907390305580254e+00
2.759077439963603329e+00
1.739225396163900150e+00
1.487118955136246923e+00
1.826270083852545856e+00
3.581743035140504183e+00
1.885260220120143160e+00
1.111649641664405941e+00
4.793658382079714064e-01
1.043971260440228060e-01
1.054078663810821687e-01
9.781299313873065282e-02
7.856353291524766080e-02
4.375658128524968771e-02
-1.072834534657569200e-02
-8.885797452988128398e-02
-1.938242584342939612e-01
-3.235670767630956512e-01
-4.669863329997732682e-01
-6.039763845042921409e-01
-7.092512134649845423e-01
-7.597400407157507418e-01
-7.397954789324864278e-01
-6.433916292266825820e-01
-4.771664399678630097e-01
-2.621642959805876583e-01
-3.005164580874923608e-02
1.885500414048880413e-01
3.745028897182254290e-01
5.229422286814242593e-01
6.386356090093651128e-01
7.226132199279965418e-01
7.705126084582026857e-01
7.839380173329155710e-01
7.681397850498908886e-01
7.273237283890103821e-01
6.676416593366023555e-01
5.924979279744475580e-01
5.039041974299522941e-01
4.106529700835855334e-01
3.220057561219490938e-01
2.407862653945791742e-01
1.676530257836735538e-01
1.036149399251326403e-01
4.540864994555834228e-02
-1.019670250076925785e-02
-5.829630099786121261e-02
-9.354736436776837916e-02
-1.149321343085359798e-01
-1.232040198784601082e-01
-1.222812396698741699e-01
-1.177800672198812404e-01
-1.142055942676558078e-01
-1.137585655417932273e-01
-1.159350237144538137e-01
-1.185698036878648637e-01
-1.194351389117989382e-01
-1.174919777401782495e-01
-1.132403862850562548e-01
-1.081751626072139094e-01
-1.038071497121352549e-01
-1.008517959307732165e-01
-9.898895406581295631e-02
-9.721088921420077689e-02
-9.443917581147434626e-02
-9.000062188909531413e-02
-8.373578004616953618e-02
-7.581210905295257541e-02
-6.649825466205461222e-02
-5.610579292874604690e-02
-4.509906711136539570e-02
-3.420707484669392728e-02
-2.437602723250762576e-02
-1.654438595393598402e-02
-1.136265170603287938e-02
-9.008877281959825484e-03
-9.173552494144350186e-03
-1.118767760981577257e-02
-1.421510237394064437e-02
-1.743420730328449145e-02
-2.016741279946735951e-02
-2.195311712740561499e-02
-2.257738287149513995e-02
-2.208254020185749372e-02
-2.075000840966931270e-02
-1.903697052596902903e-02
-1.745612432054768556e-02
-1.642410023702626717e-02
-1.613567661376471077e-02
-1.651651159926694964e-02
-1.726940819914232067e-02
-1.798835524269569441e-02
-1.829442203299011527e-02
-1.794874625435375834e-02
-1.691146363537556971e-02
-1.533618698151899100e-02
-1.351160570944859828e-02
-1.177462299152878637e-02
-1.041896025152777398e-02
-9.618428335990717934e-03
3.902975705376739435e-01
-2.851701759072878262e-01
-3.575482140935211106e+00
-4.020658981489501294e+00
4.895006450886578153e-01
2.816757552923650820e+00
7.445306583357764296e+00
1.071364789481944690e+01
1.100465969174069869e+01
1.126097813038003714e+01
1.147921591408944408e+01
1.165575032329171812e+01
1.178778890286395864e+01
1.187524060473590914e+01
1.192258445844672288e+01
1.193917060894279558e+01
1.194127362836360895e+01
1.195418257112794258e+01
1.201328701134065646e+01
1.216628717210851640e+01
1.247233549037631306e+01
1.299554353436478848e+01
1.379459788224302663e+01
1.490999930939317153e+01
1.635410457772335491e+01
1.810675831305257688e+01
2.011387793663338286e+01
2.229210125896970851e+01
2.454003891114789937e+01
2.675537883786591209e+01
2.884986536838241378e+01
3.075378132293427669e+01
3.241543572312528454e+01
3.379396744779801764e+01
3.485810043154705085e+01
3.559469836406466214e+01
3.600626010058663695e+01
3.610435558999990491e+01
3.591080770414899348e+01
3.545399310573056795e+01
3.476619314243181691e+01
3.388765898246701624e+01
3.285934071001670986e+01
3.171648024348012740e+01
3.048999952096298571e+01
2.920880856056087893e+01
2.789744745242877855e+01
2.657675973175384598e+01
2.527068357145190447e+01
2.399915046518521322e+01
2.277379226165414750e+01
2.160064887802392519e+01
2.048007470332169433e+01
1.940925590703407266e+01
1.838510661184826844e+01
1.740623814583975459e+01
1.647335242406791878e+01
1.558828846575700311e+01
1.475255575580855094e+01
1.396625492974725802e+01
1.322788888324724432e+01
1.253499911303974379e+01
1.188513933948284063e+01
1.127660689883279410e+01
1.070858333328738610e+01
1.018071494609516492e+01
9.692457715451613609e+00
9.242561415689177551e+00
8.828886163045959634e+00
8.448493002533801643e+00
8.097817189067786359e+00
7.772790039949810215e+00
7.468932374387410533e+00
7.181541132479226874e+00
6.906047376623493328e+00
6.638490368725291191e+00
6.375949621951082946e+00
6.116780968682173025e+00
5.860593517286472043e+00
5.608006519592962036e+00
5.360281720182081600e+00
5.118930833129645031e+00
4.885371926796935327e+00
4.660675318220684815e+00
4.445413371213664533e+00
4.239616641729604396e+00
4.042837313093520457e+00
3.854314158172192251e+00
3.673208623867595612e+00
3.498847875860014778e+00
3.330895533177183676e+00
3.169393967039826787e+00
3.014673013225178444e+00
2.867168365834309451e+00
2.727216759831118775e+00
2.594892793007828491e+00
2.469932167274436985e+00
2.351755953195182158e+00
2.239579173517763255e+00
2.132565791564085433e+00
2.029986366712407619e+00
1.931339110286178995e+00
1.836403887325257722e+00
1.745214588453263937e+00
8.303998975373566571e-01
2.145503236153636806e+00
8.032481627604611818e-01
1.522870093485974817e-02
1.663304751280276009e-02
1.820521787199109315e-02
1.907205996766715705e-02
1.906976608581346586e-02
1.649226404125767736e-02
1.211591925390543244e-02
4.490989456147946590e-03
-7.250036816258811044e-03
-2.311947792957386519e-02
-4.430336042013104103e-02
-7.002996467267295910e-02
-9.734084961671563008e-02
-1.215432766202496628e-01
-1.375963726120112141e-01
-1.406408485117713603e-01
-1.301700367811415571e-01
-1.050079916655535378e-01
-6.796791740190323561e-02
-2.407931488256308608e-02
2.008030384537979121e-02
5.675036699676976742e-02
8.628837918283958908e-02
1.076079696590165335e-01
1.238821068591137164e-01
1.374885633711576127e-01
1.416323501633600657e-01
1.399140375050401119e-01
1.342022356880664402e-01
1.248561243429947010e-01
1.110121794657128041e-01
9.831683091150369980e-02
7.968503213798278084e-02
6.253577367208185134e-02
4.751561285303326776e-02
3.418952511865185062e-02
2.248902858100323629e-02
1.067014801986387873e-02
3.648005826441501342e-03
-8.085112331238895889e-03
-1.557875006541788870e-02
-2.042715808338564296e-02
-2.272955604809519248e-02
-2.268252116154568024e-02
-2.140536737447141721e-02
-2.011938500307416250e-02
-1.960777916679802557e-02
-1.997300974833488701e-02
-2.076765550137119054e-02
-2.136466019763150204e-02
-2.133320440557754175e-02
-2.063098515047350270e-02
-1.955436235229909489e-02
-1.851961961352645292e-02
-1.781963894535266643e-02
-1.748868685304080101e-02
-1.732970961421171838e-02
-1.705987143217025867e-02
-1.646819499005095291e-02
-1.548982253577163917e-02
-1.417345280242063472e-02
-1.259734862604483877e-02
-1.081518578563086391e-02
-8.870297680931057277e-03
-6.848745742943819145e-03
-4.909451461370652192e-03
-3.255796160786758077e-03
-2.065818489134308225e-03
-1.428389420340075858e-03
-1.320811038095295225e-03
-1.629620333282572140e-03
-2.193173506922977203e-03
-2.843775255507014627e-03
-3.437860789494553548e-03
-3.872073691244581287e-03
-4.088443290472485239e-03
-4.074614223465535846e-03
-3.863393396663411441e-03
-3.529257851529535740e-03
-3.174273072115979880e-03
-2.900003436241790911e-03
-2.774035874796334546e-03
-2.807730593487219040e-03
-2.956461423669039593e-03
-3.140008947946810580e-03
-3.271749087754348504e-03
-3.285602267309759277e-03
-3.153780919736710094e-03
-2.891531189034710764e-03
-2.548671623384648772e-03
-2.192540719533635565e-03
-1.889199932662109912e-03
-1.687271220045455334e-03
-1.605942272123786572e-03
-1.629846913463748985e-03
-1.715267700457163980e-03
-1.807872539373017685e-03
-3.090367548726904889e+00
2.127780644425736778e+00
1.008660638505688567e+01
1.308629271891937762e+01
1.564145429914207419e+01
1.734329886735236315e+01
1.776079197361390172e+01
1.811905962098933998e+01
1.840816659438623404e+01
1.862234037109003282e+01
1.876054895838950287e+01
1.882969576550186019e+01
1.885032526496801708e+01
1.886321125566568924e+01
1.893391235311868925e+01
1.915065715698834836e+01
1.961364911290134216e+01
2.041893980184041268e+01
2.164064003680604742e+01
2.331603072593214421e+01
2.543887820623345064e+01
2.796201546854401343e+01
3.080333472997355670e+01
3.385676107165858184e+01
3.701040859647012127e+01
4.015644290025692698e+01
4.319830393665290558e+01
4.605540266515730252e+01
4.865510444814289315e+01
5.093313306511916494e+01
5.283968538167975026e+01
5.434340848578111860e+01
5.543781810933904808e+01
5.614054815831160994e+01
5.648642708304858218e+01
5.651946156719588998e+01
5.628383578113331254e+01
5.581717357220076536e+01
5.514765128476533107e+01
5.429483913898668135e+01
5.327391230109617482e+01
5.210049461723485820e+01
5.079386508761815122e+01
4.937754581936132325e+01
4.787761095065186367e+01
4.631991472536973475e+01
4.472719564270114034e+01
4.311747664252258971e+01
4.150442597179343096e+01
3.989876190025115932e+01
3.830994661123667555e+01
3.674761156584948907e+01
3.522196157125737415e+01
3.374336547421204813e+01
3.232171975553121257e+01
3.096540660986598326e+01
2.967989662415839547e+01
2.846726686049971633e+01
2.732675933113639388e+01
2.625548248072692559e+01
2.524987813888300181e+01
2.430641405016272927e+01
2.342062748851829923e+01
2.258685444313760016e+01
2.179836761758368979e+01
2.104772645152448973e+01
2.032778564828328172e+01
1.963219442405164372e+01
1.895541533152778513e+01
1.829295393628336441e+01
1.764180326664856935e+01
1.700086318741513125e+01
1.637106329204787158e+01
1.575502929687114317e+01
1.515637477559435808e+01
1.457887009888782437e+01
1.402572962114843236e+01
1.349913739028170490e+01
1.300002017476501415e+01
1.252802310075581360e+01
1.208163199088037842e+01
1.165839671841122183e+01
1.125523452508113742e+01
1.086881234661221995e+01
1.049598567427953100e+01
1.013420386614835778e+01
9.781745500726268361e+00
9.437698320819041697e+00
9.101728870404349081e+00
8.773793136395399372e+00
8.453938410076791143e+00
8.142249122633641534e+00
7.838880701101544446e+00
7.544087735260609051e+00
7.258195867479396490e+00
6.981530863354816319e+00
6.809177678682087453e+00
6.393066158155924050e+00
5.363370788600778205e+00
5.004257053998423466e+00
5.171178248890446305e+00
6.604769219658864543e+00
1.608477807000807003e+00
9.670080419158698648e-01
4.351377768931342649e-01
1.151961947174418577e-01
1.183090822935653763e-01
1.119050247611383109e-01
9.166190366600746042e-02
4.923362857259684644e-02
-2.540784792764541958e-02
-1.383298172583535268e-01
-2.850117233221997615e-01
-4.484125664109638310e-01
-6.015113498294410999e-01
-7.132676478804117481e-01
-7.603446946521669192e-01
-7.357911345749276188e-01
-6.446936997005103809e-01
-4.989286666793673608e-01
-3.188196536615983678e-01
-1.265806957142799893e-01
5.923126378850801510e-02
2.189531021052062432e-01
3.465883663618173904e-01
4.589837121858043600e-01
5.643765300418397413e-01
6.473337467428043057e-01
6.913037571746688537e-01
6.932744558217368569e-01
6.599629308981116438e-01
6.003223271817181850e-01
5.251040596147917849e-01
4.493081827017109120e-01
3.862055201710120622e-01
3.400763974784640764e-01
3.072020191794489485e-01
2.805119382112546966e-01
2.528587509404671696e-01
2.193339095392508320e-01
1.789038811414972452e-01
1.343153099951608087e-01
9.054120992108305455e-02
5.253432144870352066e-02
2.270191755376084128e-02
1.296107433975600637e-04
-1.784148077275662589e-02
-3.402609018531578544e-02
-5.044178336306478355e-02
-6.758865200901192916e-02
-8.474565393904777422e-02
-1.006542264343038839e-01
-1.136973789377779959e-01
-1.224067404628657457e-01
-1.258238816029956797e-01
-1.234784525511903874e-01
-1.169849689291323214e-01
-1.101808679340204183e-01
-1.044777605991759895e-01
-9.733239714798169739e-02
-8.705699286668068526e-02
-7.480820203184471162e-02
-6.230997901300367597e-02
-5.068417007691047860e-02
-4.045496107921000423e-02
-3.171604913574598006e-02
-2.468878981534015221e-02
-2.005141179845702781e-02
-1.860244626944072832e-02
-2.058185981498079908e-02
-2.529076447019269411e-02
-3.137233626318788188e-02
-3.743373895678090563e-02
-4.243191687290657349e-02
-4.568550396033702748e-02
-4.681440098700670460e-02
-4.578596925582762572e-02
-4.290904621048589884e-02
-3.865522465086823622e-02
-3.349581479094269898e-02
-2.795448040745492774e-02
-2.272216595437630965e-02
-1.853014778968271534e-02
-1.580627967254915819e-02
-1.446626086264128468e-02
-1.404892156384273359e-02
-1.404131298142726435e-02
-1.412914053149985465e-02
-1.425442132171782922e-02
-1.450674628202121112e-02
-1.494942944012583874e-02
-1.551601680786372957e-02
-1.605163156694641019e-02
-1.643145341523768663e-02
-1.662102844523838038e-02
-1.663664855596872286e-02
3.374196100046341629e-01
-2.540215028867828795e-01
-3.171317046163482090e+00
-3.621675948778318332e+00
3.079656199087039692e-01
2.378918083551622153e+00
8.914637519266277010e+00
1.183168494252427827e+01
1.216886238980105261e+01
1.247848250342652499e+01
1.274853575404176809e+01
1.297128604257081186e+01
1.314387748327830430e+01
1.326683240255357710e+01
1.334364557560340536e+01
1.338352845118639678e+01
1.340602669496636956e+01
1.344620649043841887e+01
1.355782882229478403e+01
1.380977774137658720e+01
1.427580235933821307e+01
1.502118659723832650e+01
1.608753146981895554e+01
1.748227606376117294e+01
1.918052316022588855e+01
2.113200869062060860e+01
2.326507363896443792e+01
2.549630327124617324e+01
2.774406952767862578e+01
2.993122351175498608e+01
3.199473265425115542e+01
3.389386580125137272e+01
3.558894799983327317e+01
3.703270477747211942e+01
3.819048684152774342e+01
3.905194276864354208e+01
3.962663192431666914e+01
3.993571587840159509e+01
4.000855551904045626e+01
3.988073707436672777e+01
3.958570145982191946e+01
3.914697996909666244e+01
3.857882817151227783e+01
3.789095497382531619e+01
3.709236449794297386e+01
3.619405658201326759e+01
3.521084939709083983e+01
3.416114751656755288e+01
3.306475815369401516e+01
3.194016535756937358e+01
3.080208955807929883e+01
2.966080216881136877e+01
2.852365226086558536e+01
2.739681376400475799e+01
2.628638189465025832e+01
2.519915849962174192e+01
2.414252323614995177e+01
2.312367516681733903e+01
2.214910529984095078e+01
2.122386580978302817e+01
2.035079326989490056e+01
1.953043431825958010e+01
1.876072770500462283e+01
1.803737264578072441e+01
1.735708617157610689e+01
1.671875729832234470e+01
1.611981914333244603e+01
1.555493102365406877e+01
1.501822826289195056e+01
1.450452344126268223e+01
1.400929914236585638e+01
1.352866963988026683e+01
1.305930549327300305e+01
1.259850895349974031e+01
1.214463956424395619e+01
1.169762233189384126e+01
1.125902494019549138e+01
1.083150756670421266e+01
1.041799189452093799e+01
1.002103377558446873e+01
9.642521767496797125e+00
9.283508536053624027e+00
8.944078337448825522e+00
8.623368459521085327e+00
8.319797912887004543e+00
8.031338517990056047e+00
7.755683237557088994e+00
7.490413359183204278e+00
7.233328413712829530e+00
6.982842149476968352e+00
6.738151712640284785e+00
6.499061505737673272e+00
6.265645806101689530e+00
6.037995226772022939e+00
5.816138552219620728e+00
5.600097777393528986e+00
5.389983353651970788e+00
5.186029236600530723e+00
4.988524567142274435e+00
4.797702484228450359e+00
4.613684140602485328e+00
4.436500425098660827e+00
4.266126055692250674e+00
4.102477378264117291e+00
3.212612719293590935e+00
4.287136559535838387e+00
6.943604947788459825e-01
1.261110316849038508e-02
1.762212378166547189e-02
2.071516609175507936e-02
2.163332002243077354e-02
2.103768843482258996e-02
1.909004587896446364e-02
1.438646691529802540e-02
4.991947456184419284e-03
-1.108058092466857047e-02
-3.504327468163196541e-02
-6.508871426013843053e-02
-9.630481225526291156e-02
-1.231796828278030331e-01
-1.395239780685459674e-01
-1.406630638814971301e-01
-1.280445643467309491e-01
-1.051855245329443023e-01
-7.375496805897704955e-02
-3.694488639522532786e-02
-2.405702909368740913e-03
2.969541833807847267e-02
5.788327761619904005e-02
7.356131806801843864e-02
9.033903547347030272e-02
1.108985589543041578e-01
1.246727178993181362e-01
1.279387174683223605e-01
1.227749508461065814e-01
1.130673282622350340e-01
1.003876112562122891e-01
8.493861832007082446e-02
7.072575390154478558e-02
6.109364190922583759e-02
5.526993175769199379e-02
5.113778613155271768e-02
4.712191711330983995e-02
4.221093916875492957e-02
3.563726021731114524e-02
2.757490335405142143e-02
1.909154910538678890e-02
1.125372471124589518e-02
5.077924895964458160e-03
8.469470556742908279e-04
-2.232036607948217118e-03
-4.908994868184175450e-03
-7.540189802018494244e-03
-1.050211613723710073e-02
-1.370959156544896210e-02
-1.675099361845829027e-02
-1.946326062119620864e-02
-2.154451350277544058e-02
-2.260855069723855318e-02
-2.268128517795046234e-02
-2.181424098325010497e-02
-1.987702597900366588e-02
-1.833450933291458709e-02
-1.801658008163654900e-02
-1.681813280096791999e-02
-1.435970174049945244e-02
-1.185888178873150192e-02
-9.661703053014305403e-03
-7.743487164271509876e-03
-6.109456637785040146e-03
-4.726354953256287593e-03
-3.628478496874844306e-03
-2.999473465897640675e-03
-3.048991092569957803e-03
-3.791490350899066539e-03
-4.970481313510292931e-03
-6.221264737019133878e-03
-7.284245978567986148e-03
-8.046581486864500671e-03
-8.445938972579282791e-03
-8.428515757010627066e-03
-8.007740245256862732e-03
-7.289618479168493391e-03
-6.396264527673267523e-03
-5.399607304399292942e-03
-4.368807253157330761e-03
-3.445033163914847096e-03
-2.796032692560270795e-03
-2.484538250089080198e-03
-2.422678196148787041e-03
-2.462441951450137102e-03
-2.501765548676992273e-03
-2.514438793687628123e-03
-2.526531780727499839e-03
-2.578118107450603439e-03
-2.682064999221376277e-03
-2.806492167156453017e-03
-2.902866842245626581e-03
-2.948993468188925576e-03
-2.957004019036956095e-03
-2.943433935971234618e-03
-2.907426346643211378e-03
-2.850701725828897175e-03
-2.806534292253523750e-03
-2.737688196878252711e+00
1.834385964524963608e+00
1.101833643908831029e+01
1.321044647451835452e+01
1.515695984480267100e+01
1.653955015016763852e+01
1.701335406156110253e+01
1.742814669227562874e+01
1.777089810851762053e+01
1.803380590667244476e+01
1.821599227809418764e+01
1.832812628775455366e+01
1.839605138504512283e+01
1.846365275982916998e+01
1.859432295053654371e+01
1.886740755930068048e+01
1.936952595137763211e+01
2.018397080632997387e+01
2.137573529893844793e+01
2.298029145606102475e+01
2.499558026270857169e+01
2.737848882175704190e+01
3.005154043636814976e+01
3.290823005980293914e+01
3.583396238725547533e+01
3.872336944022800509e+01
4.149271002208680414e+01
4.408793994542820371e+01
4.646738923265182564e+01
4.859758583811997568e+01
5.044563081168238483e+01
5.198378925544935925e+01
5.320471160109734399e+01
5.411502687212098550e+01
5.473553463962797849e+01
5.509494826040441495e+01
5.522113148760663393e+01
5.514145488061626565e+01
5.488045449405883858e+01
5.445743775960315247e+01
5.388668209582403534e+01
5.317949632986577768e+01
5.234687616520601949e+01
5.140133509125622169e+01
5.035855508782420031e+01
4.923719564831869633e+01
4.805652701988496744e+01
4.683471915028562904e+01
4.558797787892820708e+01
4.432982324921175632e+01
4.307032850373019528e+01
4.181634646411590239e+01
4.057142122765179693e+01
3.933640461616327144e+01
3.811254269428103925e+01
3.690207231844807723e+01
3.570759131992682001e+01
3.453265629249743540e+01
3.338125791123297148e+01
3.225791857955827879e+01
3.116823981116947451e+01
3.011776904081284201e+01
2.911072019467549055e+01
2.814948795277288340e+01
2.723432282449240205e+01
2.636347974731316768e+01
2.553368715520948129e+01
2.474060781660573838e+01
2.397951260471172574e+01
2.324598955338813866e+01
2.253643046000631145e+01
2.184824278587673163e+01
2.117980761205250673e+01
2.053024359980583213e+01
1.989906755105703340e+01
1.928585175775321758e+01
1.868996459680920097e+01
1.811044782890473925e+01
1.754604092221510570e+01
1.699532184871076979e+01
1.645690689719443611e+01
1.592964569988084200e+01
1.541276090489549588e+01
1.490590711511671707e+01
1.440915028437307299e+01
1.392288777653821974e+01
1.344773666859601668e+01
1.298441498175858655e+01
1.253363228137970253e+01
1.209599791615982234e+01
1.167195039871882400e+01
1.126171033519029585e+01
1.086525988171515777e+01
1.048235138862610150e+01
1.011254519757711456e+01
9.755271745652937199e+00
9.478989487825446147e+00
9.032033277923735781e+00
8.137299387379396620e+00
7.713410873008139212e+00
7.675158413767116272e+00
8.576055125456225170e+00
1.098732651110983172e+00
6.848023602830265455e-01
3.338097348769664130e-01
1.204644684102391117e-01
1.268441970768393878e-01
1.195617046816185441e-01
9.481286568755221966e-02
4.505509778085454997e-02
-3.497961659529471440e-02
-1.443934285551539132e-01
-2.758916836923388516e-01
-4.166114373509271496e-01
-5.471890197347624163e-01
-6.445702203186755019e-01
-6.903468802955582406e-01
-6.734548160856616006e-01
-5.913334129432652464e-01
-4.525021541744648212e-01
-2.756526710177270023e-01
-8.456320305627178235e-02
9.699721181985124230e-02
2.400006785695761313e-01
3.265783541006330726e-01
3.769714418973552639e-01
4.288033082208603242e-01
4.925805018620748599e-01
5.390908739790571946e-01
5.444599230385849253e-01
5.215436593430602397e-01
4.863302313167763846e-01
4.419863973311031757e-01
3.930897924051218739e-01
3.456875180584144114e-01
3.047551610286434731e-01
2.731257652985923379e-01
2.489653499251910374e-01
2.282204891727549201e-01
2.084535547567661629e-01
1.872664901047493280e-01
1.606717760108718751e-01
1.279944508522949942e-01
9.413792422626521272e-02
6.401812595014864937e-02
3.889953381756077605e-02
1.785426463151585166e-02
6.410512674275375381e-05
-1.274613711270865951e-02
-1.768238209576469128e-02
-1.751191947470695509e-02
-1.948106374114895456e-02
-2.524460513442031845e-02
-3.123045805318068815e-02
-3.636159632604503422e-02
-4.225976814575749946e-02
-5.023155827526392531e-02
-5.989686487324667047e-02
-6.892941236505871483e-02
-7.520895861877378852e-02
-7.827801153704019854e-02
-7.819254313373923126e-02
-7.497139672871032390e-02
-6.911998685407266807e-02
-6.164344897048854022e-02
-5.372741884019854169e-02
-4.645598434491197970e-02
-4.057003310106101907e-02
-3.636866743354029430e-02
-3.374267818722465756e-02
-3.228144522170078162e-02
-3.142329511063852304e-02
-3.061706500909708306e-02
-2.945874762811970943e-02
-2.777285594694819601e-02
-2.562288055807245349e-02
-2.325570161884259537e-02
-2.100406178493744933e-02
-1.918157193895178581e-02
-1.800226850266368334e-02
-1.754334944647110983e-02
-1.775189376351114789e-02
-1.848178931965038102e-02
-1.954094938479388616e-02
-2.073189296610805990e-02
-2.187748334591634730e-02
-2.283279020956702557e-02
-2.348935369530130365e-02
-2.377814289087878605e-02
-2.367377709640082484e-02
-2.319822654048048563e-02
-2.241991728926384306e-02
-2.144489686102613382e-02
-2.039965902571995796e-02
-1.940866566707346447e-02
-1.857195679591177109e-02
2.398674318754381862e-01
-1.810905472915482206e-01
-2.313665002929520487e+00
-2.728003536900667658e+00
4.509562905729064264e-02
1.580274138221461122e+00
9.035114246279130512e+00
1.121659532264440173e+01
1.158920451789990480e+01
1.193556498467082783e+01
1.224699192494760247e+01
1.251183811525742229e+01
1.272172161854560279e+01
1.287691867674306323e+01
1.298286392691586677e+01
1.305102934667374726e+01
1.310492179978530736e+01
1.318302130574761755e+01
1.333667436254850713e+01
1.362527309376315365e+01
1.411028249873991669e+01
1.484700680632072434e+01
1.587168438824212835e+01
1.719449535807541096e+01
1.879780710203370120e+01
2.063476226913932976e+01
2.263623060574524004e+01
2.471914950491577301e+01
2.680095713827827808e+01
2.880603775957582258e+01
3.067741323181596513e+01
3.239532189662682526e+01
3.395491357460050352e+01
3.533739954615182199e+01
3.650504392493016326e+01
3.743298193031470333e+01
3.813385659551733653e+01
3.862804925820413615e+01
3.892965213923669410e+01
3.905743665959992938e+01
3.903349797093540019e+01
3.887807438128071169e+01
3.860698706255038104e+01
3.823081456989386595e+01
3.775706361623216623e+01
3.719343173158398486e+01
3.654805074487558159e+01
3.582896804336598962e+01
3.504751052178212234e+01
3.421946607960667563e+01
3.336006560477701299e+01
3.248070442264716462e+01
3.159014876774903868e+01
3.069603427451723832e+01
2.980536202530954881e+01
2.892353253650429323e+01
2.805095120631028394e+01
2.718438258082426628e+01
2.632466052937027001e+01
2.547663260452610245e+01
2.464310535983705108e+01
2.382513332776519377e+01
2.302485193634069560e+01
2.224606278419493677e+01
2.149364393269216222e+01
2.077160461502964850e+01
2.008183413659607908e+01
1.942483973145031229e+01
1.880011040879993445e+01
1.820576128990617804e+01
1.763876242654961146e+01
1.709558592129744525e+01
1.657279584928934213e+01
1.606747549616508408e+01
1.557746144965084412e+01
1.510137821351940701e+01
1.463850444527539096e+01
1.418853054140725689e+01
1.375128158598423411e+01
1.332647825703336508e+01
1.291359084053446082e+01
1.251181126898578277e+01
1.212013315763088706e+01
1.173750094488664963e+01
1.136297540923040117e+01
1.099586709499053327e+01
1.063580757175848390e+01
1.028275224977005919e+01
9.936928385486767823e+00
9.598751985820408450e+00
9.268736790480417653e+00
8.947411052213984917e+00
8.635248950103473931e+00
8.332617552208802181e+00
8.039738754373100704e+00
7.756667133633960987e+00
7.483286369329110954e+00
7.219326537815964784e+00
6.964401618184943743e+00
6.718062083844167809e+00
6.479853431700008493e+00
6.249369618955350703e+00
6.026291448962122210e+00
5.810403724885659038e+00
5.067768660601224440e+00
5.738430080388766896e+00
4.881467886063266537e-01
1.217580438227661502e-02
1.546071274745413823e-02
2.043952396327165799e-02
2.416020856085322049e-02
2.289478208431457162e-02
2.040602044161200779e-02
1.445030932156498443e-02
3.883054589841537958e-03
-1.395783390243018895e-02
-3.619319657673870233e-02
-6.235257051926885313e-02
-8.786892258494695407e-02
-1.111439746241948551e-01
-1.252433285217568193e-01
-1.274815583770753380e-01
-1.188139459180782287e-01
-9.665777826752849911e-02
-6.623272698904568434e-02
-3.047393152026668314e-02
5.965715604716727120e-03
3.465323763591167394e-02
6.215716149192955509e-02
6.646539173924767563e-02
7.051786536831322616e-02
7.730218484948238322e-02
9.346433204083118285e-02
1.054659246217708596e-01
9.642551479029423667e-02
8.813202315688052624e-02
8.243936145166233520e-02
7.393736157966611378e-02
6.443601187577674416e-02
5.592421533556952984e-02
4.926541531865667733e-02
4.487694327076849343e-02
4.174999507698382017e-02
3.841632990047082891e-02
3.464533008748264808e-02
3.112897287543415700e-02
2.626685845950574999e-02
1.920686307163412335e-02
1.274610080898482163e-02
8.021684432537392467e-03
4.357817075608287800e-03
1.119633239160700445e-03
-1.693080524486840696e-03
-3.907721976063407467e-03
-4.246298173600317194e-03
-2.489503537844415821e-03
-2.986908242878086057e-03
-5.425403136146109660e-03
-6.431239122700898106e-03
-6.867234727818203981e-03
-7.903061125563467029e-03
-9.527193703223659632e-03
-1.163906032028571777e-02
-1.333804808998075193e-02
-1.398667545129028862e-02
-1.413343074006936581e-02
-1.386090330932970675e-02
-1.297589465223936665e-02
-1.162887742126021695e-02
-1.010335704279784023e-02
-8.643724145216354765e-03
-7.423551001275490585e-03
-6.532557773326454556e-03
-5.975815952140917965e-03
-5.688970784015172019e-03
-5.564906756458215184e-03
-5.485619549271401538e-03
-5.352605385984187183e-03
-5.109082931180251863e-03
-4.748928438648194507e-03
-4.310794659772079589e-03
-3.860474275768301881e-03
-3.468186903220528156e-03
-3.188465213112850419e-03
-3.048353067958129315e-03
-3.045790997697443367e-03
-3.156175334353506032e-03
-3.342741160416550037e-03
-3.566313546492659494e-03
-3.791677295651435867e-03
-3.990176913814255828e-03
-4.139940215450511538e-03
-4.225615353015775739e-03
-4.238809172540104232e-03
-4.179203963643921861e-03
-4.055414749539586888e-03
-3.884489002780672044e-03
-3.689490608750785588e-03
-3.495447740690937020e-03
-3.324639619043910643e-03
-3.192489772749200743e-03
-3.105176069681149162e-03
-3.059550581837890224e-03
-3.045252497700153254e-03
-1.995297843262677118e+00
1.260686483937912827e+00
